player_id,side,pillar,alpha,beta,mean,score_1_10,ci_low,ci_high
35452.0,DB,reaction,5.0,6.0,0.45454545454545453,5,0.18708602844739855,0.7376219233930549
35459.0,DB,coverage,5.0,6.0,0.45454545454545453,5,0.18708602844739855,0.7376219233930549
35459.0,DB,reaction,29.0,17.0,0.6304347826086957,6,0.48780100514814595,0.7623217552722018
37078.0,DB,coverage,7.0,12.0,0.3684210526315789,4,0.17298585478975181,0.5900747618279255
37078.0,DB,reaction,20.0,45.0,0.3076923076923077,3,0.20242147258013002,0.42417079913545613
37097.0,DB,reaction,5.0,6.0,0.45454545454545453,5,0.18708602844739855,0.7376219233930549
37139.0,WR,anticipation,5.0,7.0,0.4166666666666667,4,0.16748809406370713,0.6920952849883228
37139.0,WR,execution,7.0,5.0,0.5833333333333334,6,0.30790471501167715,0.8325119059362929
37139.0,WR,eyes,6.0,6.0,0.5,5,0.23379359765934515,0.7662064023406548
37139.0,WR,innovation,7.0,5.0,0.5833333333333334,6,0.30790471501167715,0.8325119059362929
37139.0,WR,separation,6.0,6.0,0.5,5,0.23379359765934515,0.7662064023406548
37145.0,DB,reaction,5.0,9.0,0.35714285714285715,4,0.13857933889016064,0.6142616617507044
38540.0,DB,coverage,6.0,13.0,0.3157894736842105,3,0.13342740250612353,0.5348019655830561
38540.0,DB,reaction,21.0,27.0,0.4375,4,0.3017215239760006,0.5782152525753803
38559.0,DB,coverage,5.0,9.0,0.35714285714285715,4,0.13857933889016064,0.6142616617507044
38559.0,DB,reaction,35.0,14.0,0.7142857142857143,7,0.5815436346738113,0.8304692013719713
38577.0,DB,coverage,5.0,11.0,0.3125,3,0.11824110336688094,0.5510032410369705
38577.0,DB,reaction,24.0,39.0,0.38095238095238093,4,0.2660085086289013,0.503058434625923
38588.0,DB,coverage,5.0,18.0,0.21739130434782608,2,0.07820626035189253,0.40284578307787133
38588.0,DB,reaction,15.0,47.0,0.24193548387096775,2,0.144642721236473,0.3549808292175001
38607.0,DB,coverage,5.0,8.0,0.38461538461538464,4,0.15165222980843013,0.6511244935811844
38607.0,DB,reaction,9.0,46.0,0.16363636363636364,2,0.07915443617040889,0.27119768856212295
38696.0,WR,anticipation,6.0,8.0,0.42857142857142855,4,0.19223244180128798,0.6842223970859369
38696.0,WR,execution,9.0,5.0,0.6428571428571429,6,0.3857383382492956,0.8614206611098394
38696.0,WR,eyes,6.0,8.0,0.42857142857142855,4,0.19223244180128798,0.6842223970859369
38696.0,WR,innovation,8.0,6.0,0.5714285714285714,6,0.31577760291406304,0.807767558198712
38696.0,WR,separation,8.0,6.0,0.5714285714285714,6,0.31577760291406304,0.807767558198712
38707.0,DB,coverage,6.0,6.0,0.5,5,0.23379359765934515,0.7662064023406548
38707.0,DB,reaction,7.0,13.0,0.35,4,0.16288587215509961,0.5655015688461509
38843.0,DB,reaction,20.0,18.0,0.5263157894736842,5,0.3692195701065401,0.6807858935184596
38868.0,DB,coverage,5.0,7.0,0.4166666666666667,4,0.16748809406370713,0.6920952849883228
38868.0,DB,reaction,55.0,37.0,0.5978260869565217,6,0.4964038269733196,0.6952181690551182
39973.0,WR,anticipation,8.0,18.0,0.3076923076923077,3,0.14949542261356955,0.49387682180625553
39973.0,WR,execution,21.0,5.0,0.8076923076923077,8,0.6391715455407279,0.931688535987516
39973.0,WR,eyes,6.0,20.0,0.23076923076923078,2,0.09356443933174285,0.4070374322786773
39973.0,WR,innovation,12.0,14.0,0.46153846153846156,5,0.27796800966994656,0.6507183660086642
39973.0,WR,separation,15.0,11.0,0.5769230769230769,6,0.38665349625683987,0.7559763348527919
39983.0,WR,anticipation,11.0,13.0,0.4583333333333333,5,0.26819618617555346,0.6550533925476254
39983.0,WR,execution,19.0,5.0,0.7916666666666666,8,0.6121881100452025,0.9253965923511963
39983.0,WR,eyes,9.0,15.0,0.375,4,0.1970764239690144,0.5726560369635056
39983.0,WR,innovation,14.0,10.0,0.5833333333333334,6,0.3854189573888496,0.7680858004617686
39983.0,WR,separation,15.0,9.0,0.625,6,0.42734396303649436,0.8029235760309856
39984.0,DB,coverage,8.0,14.0,0.36363636363636365,4,0.18107162554017314,0.5696754829041242
39984.0,DB,reaction,27.0,58.0,0.3176470588235294,3,0.2236262203951337,0.41979596587729223
39989.0,WR,anticipation,9.0,16.0,0.36,4,0.18799292819600225,0.5532196156596481
39989.0,WR,execution,20.0,5.0,0.8,8,0.6261582865113173,0.928681382801945
39989.0,WR,eyes,9.0,16.0,0.36,4,0.18799292819600225,0.5532196156596481
39989.0,WR,innovation,13.0,12.0,0.52,5,0.32820807569517796,0.708758220163788
39989.0,WR,separation,18.0,7.0,0.72,7,0.5328871975773307,0.8738479114763087
40011.0,WR,anticipation,8.0,10.0,0.4444444444444444,4,0.22983268726599038,0.6707528460532426
40011.0,WR,execution,13.0,5.0,0.7222222222222222,7,0.5010067267954198,0.89686448562968
40011.0,WR,eyes,7.0,11.0,0.3888888888888889,4,0.18443696178394667,0.6167163365565971
40011.0,WR,innovation,8.0,10.0,0.4444444444444444,4,0.22983268726599038,0.6707528460532426
40011.0,WR,separation,11.0,7.0,0.6111111111111112,6,0.3832836634434029,0.8155630382160532
40017.0,DB,coverage,5.0,12.0,0.29411764705882354,3,0.11016995471711757,0.5237708198961273
40017.0,DB,reaction,27.0,35.0,0.43548387096774194,4,0.31546414097593173,0.5594484923673856
40024.0,WR,anticipation,9.0,18.0,0.3333333333333333,3,0.17214413800566644,0.5178964364457416
40024.0,WR,execution,22.0,5.0,0.8148148148148148,8,0.6513212144646385,0.9344518912632175
40024.0,WR,eyes,9.0,18.0,0.3333333333333333,3,0.17214413800566644,0.5178964364457416
40024.0,WR,innovation,12.0,15.0,0.4444444444444444,4,0.26587121742295106,0.6308196190760333
40024.0,WR,separation,17.0,10.0,0.6296296296296297,6,0.4433280739576097,0.7977397563449796
40026.0,WR,anticipation,5.0,8.0,0.38461538461538464,4,0.15165222980843013,0.6511244935811844
40026.0,WR,execution,8.0,5.0,0.6153846153846154,6,0.34887550641881554,0.8483477701915698
40026.0,WR,eyes,6.0,7.0,0.46153846153846156,5,0.21094463823929666,0.7233303143178942
40026.0,WR,innovation,5.0,8.0,0.38461538461538464,4,0.15165222980843013,0.6511244935811844
40026.0,WR,separation,8.0,5.0,0.6153846153846154,6,0.34887550641881554,0.8483477701915698
40107.0,DB,coverage,5.0,6.0,0.45454545454545453,5,0.18708602844739855,0.7376219233930549
40107.0,DB,reaction,30.0,10.0,0.75,8,0.6067384593215325,0.8696232007644127
40129.0,WR,anticipation,5.0,8.0,0.38461538461538464,4,0.15165222980843013,0.6511244935811844
40129.0,WR,execution,8.0,5.0,0.6153846153846154,6,0.34887550641881554,0.8483477701915698
40129.0,WR,eyes,6.0,7.0,0.46153846153846156,5,0.21094463823929666,0.7233303143178942
40129.0,WR,innovation,6.0,7.0,0.46153846153846156,5,0.21094463823929666,0.7233303143178942
40129.0,WR,separation,8.0,5.0,0.6153846153846154,6,0.34887550641881554,0.8483477701915698
40166.0,DB,coverage,5.0,7.0,0.4166666666666667,4,0.16748809406370713,0.6920952849883228
40166.0,DB,reaction,27.0,13.0,0.675,7,0.5243086084583156,0.809119020953654
40488.0,WR,anticipation,7.0,12.0,0.3684210526315789,4,0.17298585478975181,0.5900747618279255
40488.0,WR,execution,14.0,5.0,0.7368421052631579,7,0.5236272342635198,0.9030507874744406
40488.0,WR,eyes,8.0,11.0,0.42105263157894735,4,0.21530150738729983,0.6425487941069373
40488.0,WR,innovation,10.0,9.0,0.5263157894736842,5,0.30757165899875616,0.7398094171049029
40488.0,WR,separation,13.0,6.0,0.6842105263157895,7,0.46519803441694385,0.8665725974938765
41227.0,DB,reaction,5.0,8.0,0.38461538461538464,4,0.15165222980843013,0.6511244935811844
41231.0,DB,reaction,6.0,8.0,0.42857142857142855,4,0.19223244180128798,0.6842223970859369
41233.0,WR,anticipation,7.0,19.0,0.2692307692307692,3,0.12071668850406662,0.4512880178166864
41233.0,WR,execution,21.0,5.0,0.8076923076923077,8,0.6391715455407279,0.931688535987516
41233.0,WR,eyes,10.0,16.0,0.38461538461538464,4,0.211254806465142,0.5747936504461505
41233.0,WR,innovation,12.0,14.0,0.46153846153846156,5,0.27796800966994656,0.6507183660086642
41233.0,WR,separation,16.0,10.0,0.6153846153846154,6,0.42520634955384945,0.788745193534858
41238.0,WR,anticipation,5.0,11.0,0.3125,3,0.11824110336688094,0.5510032410369705
41238.0,WR,execution,11.0,5.0,0.6875,7,0.4489967589630295,0.881758896633119
41238.0,WR,eyes,6.0,10.0,0.375,4,0.16336432385951347,0.6161962674588458
41238.0,WR,innovation,9.0,7.0,0.5625,6,0.3228697662062816,0.7873332704806921
41238.0,WR,separation,9.0,7.0,0.5625,6,0.3228697662062816,0.7873332704806921
41243.0,DB,coverage,5.0,9.0,0.35714285714285715,4,0.13857933889016064,0.6142616617507044
41243.0,DB,reaction,34.0,33.0,0.5074626865671642,5,0.3888102652777774,0.6256928305484449
41246.0,WR,anticipation,5.0,9.0,0.35714285714285715,4,0.13857933889016064,0.6142616617507044
41246.0,WR,execution,9.0,5.0,0.6428571428571429,6,0.3857383382492956,0.8614206611098394
41246.0,WR,eyes,5.0,9.0,0.35714285714285715,4,0.13857933889016064,0.6142616617507044
41246.0,WR,innovation,7.0,7.0,0.5,5,0.25134548227030357,0.7486545177296964
41246.0,WR,separation,9.0,5.0,0.6428571428571429,6,0.3857383382492956,0.8614206611098394
41282.0,WR,anticipation,6.0,19.0,0.24,2,0.097730409474533,0.42151284363725267
41282.0,WR,execution,20.0,5.0,0.8,8,0.6261582865113173,0.928681382801945
41282.0,WR,eyes,10.0,15.0,0.4,4,0.22109690534667853,0.594063615992056
41282.0,WR,innovation,11.0,14.0,0.44,4,0.25553020199474624,0.6335693543436376
41282.0,WR,separation,18.0,7.0,0.72,7,0.5328871975773307,0.8738479114763087
41290.0,WR,anticipation,6.0,11.0,0.35294117647058826,4,0.15198367508112207,0.5866206364513586
41290.0,WR,execution,12.0,5.0,0.7058823529411765,7,0.4762291801038727,0.8898300452828825
41290.0,WR,eyes,9.0,8.0,0.5294117647058824,5,0.2987768990831778,0.7534898885094247
41290.0,WR,innovation,8.0,9.0,0.47058823529411764,5,0.24651011149057533,0.7012231009168222
41290.0,WR,separation,12.0,5.0,0.7058823529411765,7,0.4762291801038727,0.8898300452828825
41325.0,WR,anticipation,5.0,10.0,0.3333333333333333,3,0.1275984298591596,0.5810352571836608
41325.0,WR,execution,10.0,5.0,0.6666666666666666,7,0.4189647428163391,0.8724015701408404
41325.0,WR,eyes,8.0,7.0,0.5333333333333333,5,0.28860940003830743,0.7696394585519376
41325.0,WR,innovation,7.0,8.0,0.4666666666666667,5,0.23036054144806237,0.7113905999616925
41325.0,WR,separation,7.0,8.0,0.4666666666666667,5,0.23036054144806237,0.7113905999616925
41349.0,WR,anticipation,8.0,11.0,0.42105263157894735,4,0.21530150738729983,0.6425487941069373
41349.0,WR,execution,14.0,5.0,0.7368421052631579,7,0.5236272342635198,0.9030507874744406
41349.0,WR,eyes,8.0,11.0,0.42105263157894735,4,0.21530150738729983,0.6425487941069373
41349.0,WR,innovation,13.0,6.0,0.6842105263157895,7,0.46519803441694385,0.8665725974938765
41349.0,WR,separation,13.0,6.0,0.6842105263157895,7,0.46519803441694385,0.8665725974938765
41464.0,DB,reaction,5.0,7.0,0.4166666666666667,4,0.16748809406370713,0.6920952849883228
41915.0,DB,coverage,5.0,6.0,0.45454545454545453,5,0.18708602844739855,0.7376219233930549
41915.0,DB,reaction,6.0,12.0,0.3333333333333333,3,0.14209748311022094,0.5595827187543372
42031.0,DB,coverage,5.0,6.0,0.45454545454545453,5,0.18708602844739855,0.7376219233930549
42031.0,DB,reaction,5.0,6.0,0.45454545454545453,5,0.18708602844739855,0.7376219233930549
42094.0,DB,coverage,5.0,6.0,0.45454545454545453,5,0.18708602844739855,0.7376219233930549
42094.0,DB,reaction,5.0,10.0,0.3333333333333333,3,0.1275984298591596,0.5810352571836608
42116.0,DB,coverage,5.0,6.0,0.45454545454545453,5,0.18708602844739855,0.7376219233930549
42116.0,DB,reaction,11.0,13.0,0.4583333333333333,5,0.26819618617555346,0.6550533925476254
42346.0,DB,coverage,5.0,6.0,0.45454545454545453,5,0.18708602844739855,0.7376219233930549
42346.0,DB,reaction,5.0,6.0,0.45454545454545453,5,0.18708602844739855,0.7376219233930549
42347.0,WR,anticipation,5.0,18.0,0.21739130434782608,2,0.07820626035189253,0.40284578307787133
42347.0,WR,execution,18.0,5.0,0.782608695652174,8,0.5971542169221287,0.9217937396481075
42347.0,WR,eyes,7.0,16.0,0.30434782608695654,3,0.13864652155379784,0.5022212012663488
42347.0,WR,innovation,12.0,11.0,0.5217391304347826,5,0.3221047545531717,0.717789479061907
42347.0,WR,separation,15.0,8.0,0.6521739130434783,7,0.4512755724262295,0.8280205623536676
42357.0,WR,anticipation,5.0,11.0,0.3125,3,0.11824110336688094,0.5510032410369705
42357.0,WR,execution,11.0,5.0,0.6875,7,0.4489967589630295,0.881758896633119
42357.0,WR,eyes,6.0,10.0,0.375,4,0.16336432385951347,0.6161962674588458
42357.0,WR,innovation,8.0,8.0,0.5,5,0.26586134727739663,0.7341386527226034
42357.0,WR,separation,10.0,6.0,0.625,6,0.38380373254115413,0.8366356761404865
42361.0,DB,coverage,5.0,15.0,0.25,2,0.09146578490766653,0.45565308189150555
42361.0,DB,reaction,18.0,47.0,0.27692307692307694,3,0.1759663231160709,0.390876129153411
42363.0,WR,anticipation,6.0,10.0,0.375,4,0.16336432385951347,0.6161962674588458
42363.0,WR,execution,11.0,5.0,0.6875,7,0.4489967589630295,0.881758896633119
42363.0,WR,eyes,7.0,9.0,0.4375,4,0.21266672951930787,0.6771302337937184
42363.0,WR,innovation,8.0,8.0,0.5,5,0.26586134727739663,0.7341386527226034
42363.0,WR,separation,10.0,6.0,0.625,6,0.38380373254115413,0.8366356761404865
42368.0,DB,coverage,5.0,7.0,0.4166666666666667,4,0.16748809406370713,0.6920952849883228
42368.0,DB,reaction,15.0,11.0,0.5769230769230769,6,0.38665349625683987,0.7559763348527919
42372.0,WR,anticipation,5.0,6.0,0.45454545454545453,5,0.18708602844739855,0.7376219233930549
42372.0,WR,execution,6.0,5.0,0.5454545454545454,5,0.26237807660694507,0.8129139715526015
42372.0,WR,eyes,6.0,5.0,0.5454545454545454,5,0.26237807660694507,0.8129139715526015
42372.0,WR,innovation,5.0,6.0,0.45454545454545453,5,0.18708602844739855,0.7376219233930549
42372.0,WR,separation,6.0,5.0,0.5454545454545454,5,0.26237807660694507,0.8129139715526015
42377.0,WR,anticipation,5.0,6.0,0.45454545454545453,5,0.18708602844739855,0.7376219233930549
42377.0,WR,execution,6.0,5.0,0.5454545454545454,5,0.26237807660694507,0.8129139715526015
42377.0,WR,eyes,6.0,5.0,0.5454545454545454,5,0.26237807660694507,0.8129139715526015
42377.0,WR,innovation,5.0,6.0,0.45454545454545453,5,0.18708602844739855,0.7376219233930549
42377.0,WR,separation,6.0,5.0,0.5454545454545454,5,0.26237807660694507,0.8129139715526015
42381.0,DB,coverage,5.0,6.0,0.45454545454545453,5,0.18708602844739855,0.7376219233930549
42381.0,DB,reaction,6.0,6.0,0.5,5,0.23379359765934515,0.7662064023406548
42388.0,DB,coverage,5.0,7.0,0.4166666666666667,4,0.16748809406370713,0.6920952849883228
42388.0,DB,reaction,19.0,23.0,0.4523809523809524,5,0.30655943285140125,0.6025015626192409
42391.0,DB,coverage,6.0,8.0,0.42857142857142855,4,0.19223244180128798,0.6842223970859369
42391.0,DB,reaction,11.0,29.0,0.275,3,0.1500141304705207,0.4212738843785698
42393.0,DB,coverage,9.0,13.0,0.4090909090909091,4,0.2181968568851302,0.6156456096213541
42393.0,DB,reaction,22.0,30.0,0.4230769230769231,4,0.29345487384059454,0.5583071722325388
42397.0,WR,anticipation,5.0,7.0,0.4166666666666667,4,0.16748809406370713,0.6920952849883228
42397.0,WR,execution,7.0,5.0,0.5833333333333334,6,0.30790471501167715,0.8325119059362929
42397.0,WR,eyes,7.0,5.0,0.5833333333333334,6,0.30790471501167715,0.8325119059362929
42397.0,WR,innovation,6.0,6.0,0.5,5,0.23379359765934515,0.7662064023406548
42397.0,WR,separation,6.0,6.0,0.5,5,0.23379359765934515,0.7662064023406548
42401.0,DB,reaction,5.0,8.0,0.38461538461538464,4,0.15165222980843013,0.6511244935811844
42406.0,DB,coverage,5.0,6.0,0.45454545454545453,5,0.18708602844739855,0.7376219233930549
42406.0,DB,reaction,6.0,7.0,0.46153846153846156,5,0.21094463823929666,0.7233303143178942
42412.0,WR,anticipation,6.0,14.0,0.3,3,0.1257606358729833,0.5120293453458726
42412.0,WR,execution,15.0,5.0,0.75,8,0.5443469181084943,0.9085342150923335
42412.0,WR,eyes,9.0,11.0,0.45,4,0.24447468946619608,0.6650021559882646
42412.0,WR,innovation,11.0,9.0,0.55,6,0.3349978440117354,0.7555253105338039
42412.0,WR,separation,14.0,6.0,0.7,7,0.48797065465412726,0.8742393641270166
42427.0,DB,coverage,5.0,8.0,0.38461538461538464,4,0.15165222980843013,0.6511244935811844
42427.0,DB,reaction,15.0,25.0,0.375,4,0.23363932506581991,0.5282048863745881
42431.0,DB,reaction,5.0,8.0,0.38461538461538464,4,0.15165222980843013,0.6511244935811844
42437.0,WR,anticipation,5.0,7.0,0.4166666666666667,4,0.16748809406370713,0.6920952849883228
42437.0,WR,execution,7.0,5.0,0.5833333333333334,6,0.30790471501167715,0.8325119059362929
42437.0,WR,eyes,5.0,7.0,0.4166666666666667,4,0.16748809406370713,0.6920952849883228
42437.0,WR,innovation,6.0,6.0,0.5,5,0.23379359765934515,0.7662064023406548
42437.0,WR,separation,7.0,5.0,0.5833333333333334,6,0.30790471501167715,0.8325119059362929
42441.0,DB,coverage,6.0,9.0,0.4,4,0.1766110899821179,0.6486198893840083
42441.0,DB,reaction,9.0,36.0,0.2,2,0.09804317636059104,0.3271368502462458
42460.0,WR,anticipation,6.0,7.0,0.46153846153846156,5,0.21094463823929666,0.7233303143178942
42460.0,WR,execution,8.0,5.0,0.6153846153846154,6,0.34887550641881554,0.8483477701915698
42460.0,WR,eyes,5.0,8.0,0.38461538461538464,4,0.15165222980843013,0.6511244935811844
42460.0,WR,innovation,6.0,7.0,0.46153846153846156,5,0.21094463823929666,0.7233303143178942
42460.0,WR,separation,6.0,7.0,0.46153846153846156,5,0.21094463823929666,0.7233303143178942
42465.0,DB,reaction,5.0,8.0,0.38461538461538464,4,0.15165222980843013,0.6511244935811844
42467.0,DB,coverage,5.0,9.0,0.35714285714285715,4,0.13857933889016064,0.6142616617507044
42467.0,DB,reaction,14.0,27.0,0.34146341463414637,3,0.2062824908707669,0.49129487547844847
42485.0,DB,coverage,5.0,6.0,0.45454545454545453,5,0.18708602844739855,0.7376219233930549
42485.0,DB,reaction,17.0,11.0,0.6071428571428571,6,0.42367957250429583,0.7761027086494185
42488.0,DB,reaction,5.0,6.0,0.45454545454545453,5,0.18708602844739855,0.7376219233930549
42489.0,WR,anticipation,7.0,20.0,0.25925925925925924,3,0.11573221329150399,0.4364750969413865
42489.0,WR,execution,22.0,5.0,0.8148148148148148,8,0.6513212144646385,0.9344518912632175
42489.0,WR,eyes,14.0,13.0,0.5185185185185185,5,0.33370821847529225,0.7007278205584035
42489.0,WR,innovation,14.0,13.0,0.5185185185185185,5,0.33370821847529225,0.7007278205584035
42489.0,WR,separation,18.0,9.0,0.6666666666666666,7,0.48210356355425843,0.8278558619943336
42511.0,WR,anticipation,6.0,5.0,0.5454545454545454,5,0.26237807660694507,0.8129139715526015
42511.0,WR,execution,6.0,5.0,0.5454545454545454,5,0.26237807660694507,0.8129139715526015
42511.0,WR,eyes,5.0,6.0,0.45454545454545453,5,0.18708602844739855,0.7376219233930549
42511.0,WR,innovation,5.0,6.0,0.45454545454545453,5,0.18708602844739855,0.7376219233930549
42511.0,WR,separation,6.0,5.0,0.5454545454545454,5,0.26237807660694507,0.8129139715526015
42543.0,DB,coverage,5.0,7.0,0.4166666666666667,4,0.16748809406370713,0.6920952849883228
42543.0,DB,reaction,42.0,32.0,0.5675675675675675,6,0.454054422106454,0.6776194826936378
42547.0,WR,anticipation,7.0,14.0,0.3333333333333333,3,0.15390920478454118,0.5427891822762891
42547.0,WR,execution,16.0,5.0,0.7619047619047619,8,0.5633859970033317,0.9134285308985653
42547.0,WR,eyes,13.0,8.0,0.6190476190476191,6,0.40781146546717184,0.8088099392746928
42547.0,WR,innovation,11.0,10.0,0.5238095238095238,5,0.31527813304054847,0.7280421504392081
42547.0,WR,separation,16.0,5.0,0.7619047619047619,8,0.5633859970033317,0.9134285308985653
42718.0,WR,anticipation,6.0,7.0,0.46153846153846156,5,0.21094463823929666,0.7233303143178942
42718.0,WR,execution,8.0,5.0,0.6153846153846154,6,0.34887550641881554,0.8483477701915698
42718.0,WR,eyes,5.0,8.0,0.38461538461538464,4,0.15165222980843013,0.6511244935811844
42718.0,WR,innovation,6.0,7.0,0.46153846153846156,5,0.21094463823929666,0.7233303143178942
42718.0,WR,separation,8.0,5.0,0.6153846153846154,6,0.34887550641881554,0.8483477701915698
42794.0,WR,anticipation,6.0,5.0,0.5454545454545454,5,0.26237807660694507,0.8129139715526015
42794.0,WR,execution,6.0,5.0,0.5454545454545454,5,0.26237807660694507,0.8129139715526015
42794.0,WR,eyes,6.0,5.0,0.5454545454545454,5,0.26237807660694507,0.8129139715526015
42794.0,WR,innovation,5.0,6.0,0.45454545454545453,5,0.18708602844739855,0.7376219233930549
42794.0,WR,separation,6.0,5.0,0.5454545454545454,5,0.26237807660694507,0.8129139715526015
42816.0,DB,coverage,5.0,10.0,0.3333333333333333,3,0.1275984298591596,0.5810352571836608
42816.0,DB,reaction,10.0,23.0,0.30303030303030304,3,0.16118472408820053,0.46747109964293454
42929.0,DB,coverage,6.0,11.0,0.35294117647058826,4,0.15198367508112207,0.5866206364513586
42929.0,DB,reaction,19.0,25.0,0.4318181818181818,4,0.2907811778810645,0.5787304034792482
43296.0,DB,reaction,5.0,6.0,0.45454545454545453,5,0.18708602844739855,0.7376219233930549
43298.0,DB,coverage,5.0,6.0,0.45454545454545453,5,0.18708602844739855,0.7376219233930549
43298.0,DB,reaction,5.0,6.0,0.45454545454545453,5,0.18708602844739855,0.7376219233930549
43299.0,DB,coverage,6.0,14.0,0.3,3,0.1257606358729833,0.5120293453458726
43299.0,DB,reaction,18.0,37.0,0.32727272727272727,3,0.21091990535857585,0.4555239948728429
43306.0,DB,coverage,5.0,12.0,0.29411764705882354,3,0.11016995471711757,0.5237708198961273
43306.0,DB,reaction,32.0,16.0,0.6666666666666666,7,0.5288187427959397,0.7913591217752398
43314.0,DB,coverage,6.0,6.0,0.5,5,0.23379359765934515,0.7662064023406548
43314.0,DB,reaction,17.0,12.0,0.5862068965517241,6,0.4057682064875632,0.7553760636978534
43324.0,WR,anticipation,13.0,8.0,0.6190476190476191,6,0.40781146546717184,0.8088099392746928
43324.0,WR,execution,16.0,5.0,0.7619047619047619,8,0.5633859970033317,0.9134285308985653
43324.0,WR,eyes,7.0,14.0,0.3333333333333333,3,0.15390920478454118,0.5427891822762891
43324.0,WR,innovation,12.0,9.0,0.5714285714285714,6,0.36054258730748967,0.7694221032240758
43324.0,WR,separation,14.0,7.0,0.6666666666666666,7,0.45721081772371086,0.8460907952154588
43327.0,DB,coverage,8.0,12.0,0.4,4,0.2025214389771628,0.6164220766855947
43327.0,DB,reaction,26.0,37.0,0.4126984126984127,4,0.2951464281554935,0.5355033898577284
43329.0,WR,anticipation,5.0,7.0,0.4166666666666667,4,0.16748809406370713,0.6920952849883228
43329.0,WR,execution,7.0,5.0,0.5833333333333334,6,0.30790471501167715,0.8325119059362929
43329.0,WR,eyes,7.0,5.0,0.5833333333333334,6,0.30790471501167715,0.8325119059362929
43329.0,WR,innovation,7.0,5.0,0.5833333333333334,6,0.30790471501167715,0.8325119059362929
43329.0,WR,separation,6.0,6.0,0.5,5,0.23379359765934515,0.7662064023406548
43333.0,DB,reaction,5.0,6.0,0.45454545454545453,5,0.18708602844739855,0.7376219233930549
43334.0,WR,anticipation,5.0,7.0,0.4166666666666667,4,0.16748809406370713,0.6920952849883228
43334.0,WR,execution,7.0,5.0,0.5833333333333334,6,0.30790471501167715,0.8325119059362929
43334.0,WR,eyes,6.0,6.0,0.5,5,0.23379359765934515,0.7662064023406548
43334.0,WR,innovation,5.0,7.0,0.4166666666666667,4,0.16748809406370713,0.6920952849883228
43334.0,WR,separation,7.0,5.0,0.5833333333333334,6,0.30790471501167715,0.8325119059362929
43336.0,WR,anticipation,6.0,18.0,0.25,2,0.10228613391535846,0.4370307262368146
43336.0,WR,execution,19.0,5.0,0.7916666666666666,8,0.6121881100452025,0.9253965923511963
43336.0,WR,eyes,12.0,12.0,0.5,5,0.305878001491374,0.694121998508626
43336.0,WR,innovation,11.0,13.0,0.4583333333333333,5,0.26819618617555346,0.6550533925476254
43336.0,WR,separation,15.0,9.0,0.625,6,0.42734396303649436,0.8029235760309856
43344.0,WR,anticipation,6.0,11.0,0.35294117647058826,4,0.15198367508112207,0.5866206364513586
43344.0,WR,execution,12.0,5.0,0.7058823529411765,7,0.4762291801038727,0.8898300452828825
43344.0,WR,eyes,7.0,10.0,0.4117647058823529,4,0.19753414053266785,0.6456539056979218
43344.0,WR,innovation,10.0,7.0,0.5882352941176471,6,0.35434609430207814,0.8024658594673321
43344.0,WR,separation,11.0,6.0,0.6470588235294118,6,0.41337936354864135,0.8480163249188779
43350.0,DB,coverage,5.0,8.0,0.38461538461538464,4,0.15165222980843013,0.6511244935811844
43350.0,DB,reaction,33.0,14.0,0.7021276595744681,7,0.5653959222157491,0.8225731847040552
43351.0,DB,coverage,6.0,11.0,0.35294117647058826,4,0.15198367508112207,0.5866206364513586
43351.0,DB,reaction,14.0,31.0,0.3111111111111111,3,0.18609883717487,0.45202184808405527
43353.0,DB,coverage,5.0,9.0,0.35714285714285715,4,0.13857933889016064,0.6142616617507044
43353.0,DB,reaction,36.0,27.0,0.5714285714285714,6,0.4484710821781698,0.6900879377318291
43366.0,DB,reaction,5.0,6.0,0.45454545454545453,5,0.18708602844739855,0.7376219233930549
43370.0,WR,anticipation,5.0,8.0,0.38461538461538464,4,0.15165222980843013,0.6511244935811844
43370.0,WR,execution,8.0,5.0,0.6153846153846154,6,0.34887550641881554,0.8483477701915698
43370.0,WR,eyes,5.0,8.0,0.38461538461538464,4,0.15165222980843013,0.6511244935811844
43370.0,WR,innovation,6.0,7.0,0.46153846153846156,5,0.21094463823929666,0.7233303143178942
43370.0,WR,separation,8.0,5.0,0.6153846153846154,6,0.34887550641881554,0.8483477701915698
43373.0,DB,coverage,5.0,9.0,0.35714285714285715,4,0.13857933889016064,0.6142616617507044
43373.0,DB,reaction,16.0,38.0,0.2962962962962963,3,0.18340201618215213,0.4234774378649621
43387.0,DB,coverage,5.0,10.0,0.3333333333333333,3,0.1275984298591596,0.5810352571836608
43387.0,DB,reaction,35.0,22.0,0.6140350877192983,6,0.4854783065629366,0.7350087374962713
43395.0,DB,reaction,11.0,15.0,0.4230769230769231,4,0.24402366514720805,0.61334650374316
43396.0,WR,anticipation,5.0,6.0,0.45454545454545453,5,0.18708602844739855,0.7376219233930549
43396.0,WR,execution,6.0,5.0,0.5454545454545454,5,0.26237807660694507,0.8129139715526015
43396.0,WR,eyes,5.0,6.0,0.45454545454545453,5,0.18708602844739855,0.7376219233930549
43396.0,WR,innovation,5.0,6.0,0.45454545454545453,5,0.18708602844739855,0.7376219233930549
43396.0,WR,separation,5.0,6.0,0.45454545454545453,5,0.18708602844739855,0.7376219233930549
43399.0,WR,anticipation,11.0,8.0,0.5789473684210527,6,0.3574512058930626,0.7846984926127001
43399.0,WR,execution,14.0,5.0,0.7368421052631579,7,0.5236272342635198,0.9030507874744406
43399.0,WR,eyes,6.0,13.0,0.3157894736842105,3,0.13342740250612353,0.5348019655830561
43399.0,WR,innovation,8.0,11.0,0.42105263157894735,4,0.21530150738729983,0.6425487941069373
43399.0,WR,separation,12.0,7.0,0.631578947368421,6,0.40992523817207444,0.8270141452102482
43404.0,DB,coverage,5.0,10.0,0.3333333333333333,3,0.1275984298591596,0.5810352571836608
43404.0,DB,reaction,19.0,29.0,0.3958333333333333,4,0.26369244812504744,0.5362006171083616
43411.0,DB,reaction,5.0,6.0,0.45454545454545453,5,0.18708602844739855,0.7376219233930549
43426.0,DB,reaction,5.0,6.0,0.45454545454545453,5,0.18708602844739855,0.7376219233930549
43435.0,DB,coverage,5.0,9.0,0.35714285714285715,4,0.13857933889016064,0.6142616617507044
43435.0,DB,reaction,5.0,16.0,0.23809523809523808,2,0.08657146910143461,0.4366140029966683
43436.0,DB,reaction,6.0,5.0,0.5454545454545454,5,0.26237807660694507,0.8129139715526015
43454.0,WR,anticipation,10.0,19.0,0.3448275862068966,3,0.18640666000044545,0.5235164067096185
43454.0,WR,execution,24.0,5.0,0.8275862068965517,8,0.6733473306842047,0.9393570911807925
43454.0,WR,eyes,14.0,15.0,0.4827586206896552,5,0.306470961532318,0.6613009238854
43454.0,WR,innovation,11.0,18.0,0.3793103448275862,4,0.2150428291609609,0.5593496872533334
43454.0,WR,separation,18.0,11.0,0.6206896551724138,6,0.44065031274666655,0.784957170839039
43474.0,DB,coverage,5.0,6.0,0.45454545454545453,5,0.18708602844739855,0.7376219233930549
43474.0,DB,reaction,10.0,11.0,0.47619047619047616,5,0.27195784956079183,0.6847218669594515
43497.0,DB,coverage,5.0,6.0,0.45454545454545453,5,0.18708602844739855,0.7376219233930549
43497.0,DB,reaction,11.0,16.0,0.4074074074074074,4,0.23352198312744346,0.5942924647014085
43503.0,DB,coverage,6.0,7.0,0.46153846153846156,5,0.21094463823929666,0.7233303143178942
43503.0,DB,reaction,8.0,14.0,0.36363636363636365,4,0.18107162554017314,0.5696754829041242
43522.0,DB,coverage,5.0,6.0,0.45454545454545453,5,0.18708602844739855,0.7376219233930549
43522.0,DB,reaction,15.0,8.0,0.6521739130434783,7,0.4512755724262295,0.8280205623536676
43533.0,DB,coverage,5.0,8.0,0.38461538461538464,4,0.15165222980843013,0.6511244935811844
43533.0,DB,reaction,22.0,23.0,0.4888888888888889,5,0.3456115734972565,0.6331024834071655
43584.0,WR,anticipation,6.0,7.0,0.46153846153846156,5,0.21094463823929666,0.7233303143178942
43584.0,WR,execution,8.0,5.0,0.6153846153846154,6,0.34887550641881554,0.8483477701915698
43584.0,WR,eyes,7.0,6.0,0.5384615384615384,5,0.2766696856821058,0.7890553617607033
43584.0,WR,innovation,6.0,7.0,0.46153846153846156,5,0.21094463823929666,0.7233303143178942
43584.0,WR,separation,8.0,5.0,0.6153846153846154,6,0.34887550641881554,0.8483477701915698
43641.0,DB,coverage,7.0,9.0,0.4375,4,0.21266672951930787,0.6771302337937184
43641.0,DB,reaction,13.0,31.0,0.29545454545454547,3,0.1718249924852134,0.4366869614659061
43694.0,DB,reaction,5.0,6.0,0.45454545454545453,5,0.18708602844739855,0.7376219233930549
43700.0,DB,coverage,7.0,5.0,0.5833333333333334,6,0.30790471501167715,0.8325119059362929
43700.0,DB,reaction,11.0,16.0,0.4074074074074074,4,0.23352198312744346,0.5942924647014085
43797.0,DB,reaction,5.0,8.0,0.38461538461538464,4,0.15165222980843013,0.6511244935811844
43971.0,WR,anticipation,5.0,8.0,0.38461538461538464,4,0.15165222980843013,0.6511244935811844
43971.0,WR,execution,8.0,5.0,0.6153846153846154,6,0.34887550641881554,0.8483477701915698
43971.0,WR,eyes,6.0,7.0,0.46153846153846156,5,0.21094463823929666,0.7233303143178942
43971.0,WR,innovation,7.0,6.0,0.5384615384615384,5,0.2766696856821058,0.7890553617607033
43971.0,WR,separation,7.0,6.0,0.5384615384615384,5,0.2766696856821058,0.7890553617607033
43986.0,DB,reaction,7.0,7.0,0.5,5,0.25134548227030357,0.7486545177296964
44174.0,DB,reaction,5.0,6.0,0.45454545454545453,5,0.18708602844739855,0.7376219233930549
44792.0,WR,anticipation,5.0,7.0,0.4166666666666667,4,0.16748809406370713,0.6920952849883228
44792.0,WR,execution,7.0,5.0,0.5833333333333334,6,0.30790471501167715,0.8325119059362929
44792.0,WR,eyes,6.0,6.0,0.5,5,0.23379359765934515,0.7662064023406548
44792.0,WR,innovation,6.0,6.0,0.5,5,0.23379359765934515,0.7662064023406548
44792.0,WR,separation,7.0,5.0,0.5833333333333334,6,0.30790471501167715,0.8325119059362929
44813.0,DB,reaction,5.0,7.0,0.4166666666666667,4,0.16748809406370713,0.6920952849883228
44819.0,WR,anticipation,5.0,15.0,0.25,2,0.09146578490766653,0.45565308189150555
44819.0,WR,execution,15.0,5.0,0.75,8,0.5443469181084943,0.9085342150923335
44819.0,WR,eyes,9.0,11.0,0.45,4,0.24447468946619608,0.6650021559882646
44819.0,WR,innovation,8.0,12.0,0.4,4,0.2025214389771628,0.6164220766855947
44819.0,WR,separation,11.0,9.0,0.55,6,0.3349978440117354,0.7555253105338039
44820.0,WR,anticipation,7.0,8.0,0.4666666666666667,5,0.23036054144806237,0.7113905999616925
44820.0,WR,execution,10.0,5.0,0.6666666666666666,7,0.4189647428163391,0.8724015701408404
44820.0,WR,eyes,5.0,10.0,0.3333333333333333,3,0.1275984298591596,0.5810352571836608
44820.0,WR,innovation,8.0,7.0,0.5333333333333333,5,0.28860940003830743,0.7696394585519376
44820.0,WR,separation,9.0,6.0,0.6,6,0.3513801106159917,0.8233889100178821
44823.0,DB,coverage,9.0,7.0,0.5625,6,0.3228697662062816,0.7873332704806921
44823.0,DB,reaction,13.0,46.0,0.22033898305084745,2,0.1250891891425691,0.33351763478543217
44827.0,DB,coverage,5.0,6.0,0.45454545454545453,5,0.18708602844739855,0.7376219233930549
44827.0,DB,reaction,22.0,21.0,0.5116279069767442,5,0.3641779709213327,0.6580524229490354
44830.0,DB,coverage,7.0,12.0,0.3684210526315789,4,0.17298585478975181,0.5900747618279255
44830.0,DB,reaction,23.0,30.0,0.4339622641509434,4,0.30469562471174694,0.567952795996458
44834.0,DB,coverage,5.0,6.0,0.45454545454545453,5,0.18708602844739855,0.7376219233930549
44834.0,DB,reaction,5.0,14.0,0.2631578947368421,3,0.09694921252555934,0.4763727657364801
44835.0,WR,anticipation,6.0,11.0,0.35294117647058826,4,0.15198367508112207,0.5866206364513586
44835.0,WR,execution,12.0,5.0,0.7058823529411765,7,0.4762291801038727,0.8898300452828825
44835.0,WR,eyes,7.0,10.0,0.4117647058823529,4,0.19753414053266785,0.6456539056979218
44835.0,WR,innovation,6.0,11.0,0.35294117647058826,4,0.15198367508112207,0.5866206364513586
44835.0,WR,separation,10.0,7.0,0.5882352941176471,6,0.35434609430207814,0.8024658594673321
44837.0,DB,coverage,5.0,10.0,0.3333333333333333,3,0.1275984298591596,0.5810352571836608
44837.0,DB,reaction,35.0,14.0,0.7142857142857143,7,0.5815436346738113,0.8304692013719713
44839.0,DB,coverage,6.0,10.0,0.375,4,0.16336432385951347,0.6161962674588458
44839.0,DB,reaction,20.0,21.0,0.4878048780487805,5,0.3380178137372346,0.6387198647359378
44841.0,WR,anticipation,5.0,11.0,0.3125,3,0.11824110336688094,0.5510032410369705
44841.0,WR,execution,11.0,5.0,0.6875,7,0.4489967589630295,0.881758896633119
44841.0,WR,eyes,7.0,9.0,0.4375,4,0.21266672951930787,0.6771302337937184
44841.0,WR,innovation,7.0,9.0,0.4375,4,0.21266672951930787,0.6771302337937184
44841.0,WR,separation,10.0,6.0,0.625,6,0.38380373254115413,0.8366356761404865
44842.0,DB,coverage,5.0,6.0,0.45454545454545453,5,0.18708602844739855,0.7376219233930549
44842.0,DB,reaction,6.0,8.0,0.42857142857142855,4,0.19223244180128798,0.6842223970859369
44848.0,DB,coverage,5.0,6.0,0.45454545454545453,5,0.18708602844739855,0.7376219233930549
44848.0,DB,reaction,26.0,6.0,0.8125,8,0.6627284150268207,0.9254801026888712
44849.0,WR,anticipation,6.0,16.0,0.2727272727272727,3,0.11280940392194076,0.4716598276546214
44849.0,WR,execution,17.0,5.0,0.7727272727272727,8,0.5809339588164719,0.9178241244069774
44849.0,WR,eyes,9.0,13.0,0.4090909090909091,4,0.2181968568851302,0.6156456096213541
44849.0,WR,innovation,7.0,15.0,0.3181818181818182,3,0.1458769423430967,0.5217511182471137
44849.0,WR,separation,12.0,10.0,0.5454545454545454,5,0.34020630928027457,0.7428693735935925
44851.0,DB,coverage,5.0,7.0,0.4166666666666667,4,0.16748809406370713,0.6920952849883228
44851.0,DB,reaction,32.0,29.0,0.5245901639344263,5,0.39996490258430256,0.6476870699978736
44852.0,WR,anticipation,6.0,10.0,0.375,4,0.16336432385951347,0.6161962674588458
44852.0,WR,execution,11.0,5.0,0.6875,7,0.4489967589630295,0.881758896633119
44852.0,WR,eyes,7.0,9.0,0.4375,4,0.21266672951930787,0.6771302337937184
44852.0,WR,innovation,8.0,8.0,0.5,5,0.26586134727739663,0.7341386527226034
44852.0,WR,separation,10.0,6.0,0.625,6,0.38380373254115413,0.8366356761404865
44853.0,WR,anticipation,5.0,7.0,0.4166666666666667,4,0.16748809406370713,0.6920952849883228
44853.0,WR,execution,7.0,5.0,0.5833333333333334,6,0.30790471501167715,0.8325119059362929
44853.0,WR,eyes,6.0,6.0,0.5,5,0.23379359765934515,0.7662064023406548
44853.0,WR,innovation,6.0,6.0,0.5,5,0.23379359765934515,0.7662064023406548
44853.0,WR,separation,6.0,6.0,0.5,5,0.23379359765934515,0.7662064023406548
44854.0,DB,coverage,5.0,7.0,0.4166666666666667,4,0.16748809406370713,0.6920952849883228
44854.0,DB,reaction,12.0,8.0,0.6,6,0.38357792331440527,0.7974785610228372
44856.0,WR,anticipation,5.0,10.0,0.3333333333333333,3,0.1275984298591596,0.5810352571836608
44856.0,WR,execution,10.0,5.0,0.6666666666666666,7,0.4189647428163391,0.8724015701408404
44856.0,WR,eyes,7.0,8.0,0.4666666666666667,5,0.23036054144806237,0.7113905999616925
44856.0,WR,innovation,7.0,8.0,0.4666666666666667,5,0.23036054144806237,0.7113905999616925
44856.0,WR,separation,10.0,5.0,0.6666666666666666,7,0.4189647428163391,0.8724015701408404
44860.0,WR,anticipation,6.0,11.0,0.35294117647058826,4,0.15198367508112207,0.5866206364513586
44860.0,WR,execution,12.0,5.0,0.7058823529411765,7,0.4762291801038727,0.8898300452828825
44860.0,WR,eyes,8.0,9.0,0.47058823529411764,5,0.24651011149057533,0.7012231009168222
44860.0,WR,innovation,6.0,11.0,0.35294117647058826,4,0.15198367508112207,0.5866206364513586
44860.0,WR,separation,10.0,7.0,0.5882352941176471,6,0.35434609430207814,0.8024658594673321
44862.0,DB,coverage,5.0,10.0,0.3333333333333333,3,0.1275984298591596,0.5810352571836608
44862.0,DB,reaction,51.0,33.0,0.6071428571428571,6,0.5011881702971472,0.7082631678474507
44869.0,DB,coverage,6.0,14.0,0.3,3,0.1257606358729833,0.5120293453458726
44869.0,DB,reaction,20.0,55.0,0.26666666666666666,3,0.173549468926412,0.37156485488821084
44872.0,DB,coverage,6.0,8.0,0.42857142857142855,4,0.19223244180128798,0.6842223970859369
44872.0,DB,reaction,13.0,33.0,0.2826086956521739,3,0.16366256044568112,0.4194467047420177
44874.0,WR,anticipation,8.0,11.0,0.42105263157894735,4,0.21530150738729983,0.6425487941069373
44874.0,WR,execution,14.0,5.0,0.7368421052631579,7,0.5236272342635198,0.9030507874744406
44874.0,WR,eyes,6.0,13.0,0.3157894736842105,3,0.13342740250612353,0.5348019655830561
44874.0,WR,innovation,12.0,7.0,0.631578947368421,6,0.40992523817207444,0.8270141452102482
44874.0,WR,separation,12.0,7.0,0.631578947368421,6,0.40992523817207444,0.8270141452102482
44878.0,DB,coverage,5.0,10.0,0.3333333333333333,3,0.1275984298591596,0.5810352571836608
44878.0,DB,reaction,18.0,28.0,0.391304347826087,4,0.25697589519263137,0.5345898873536272
44888.0,DB,coverage,6.0,8.0,0.42857142857142855,4,0.19223244180128798,0.6842223970859369
44888.0,DB,reaction,14.0,48.0,0.22580645161290322,2,0.13153147464979353,0.3368129528304618
44893.0,DB,reaction,6.0,8.0,0.42857142857142855,4,0.19223244180128798,0.6842223970859369
44896.0,WR,anticipation,8.0,12.0,0.4,4,0.2025214389771628,0.6164220766855947
44896.0,WR,execution,15.0,5.0,0.75,8,0.5443469181084943,0.9085342150923335
44896.0,WR,eyes,5.0,15.0,0.25,2,0.09146578490766653,0.45565308189150555
44896.0,WR,innovation,9.0,11.0,0.45,4,0.24447468946619608,0.6650021559882646
44896.0,WR,separation,13.0,7.0,0.65,6,0.43449843115384906,0.8371141278449004
44901.0,WR,anticipation,5.0,7.0,0.4166666666666667,4,0.16748809406370713,0.6920952849883228
44901.0,WR,execution,7.0,5.0,0.5833333333333334,6,0.30790471501167715,0.8325119059362929
44901.0,WR,eyes,6.0,6.0,0.5,5,0.23379359765934515,0.7662064023406548
44901.0,WR,innovation,5.0,7.0,0.4166666666666667,4,0.16748809406370713,0.6920952849883228
44901.0,WR,separation,7.0,5.0,0.5833333333333334,6,0.30790471501167715,0.8325119059362929
44902.0,DB,coverage,7.0,5.0,0.5833333333333334,6,0.30790471501167715,0.8325119059362929
44902.0,DB,reaction,5.0,11.0,0.3125,3,0.11824110336688094,0.5510032410369705
44903.0,DB,coverage,5.0,6.0,0.45454545454545453,5,0.18708602844739855,0.7376219233930549
44903.0,DB,reaction,5.0,6.0,0.45454545454545453,5,0.18708602844739855,0.7376219233930549
44904.0,DB,coverage,5.0,6.0,0.45454545454545453,5,0.18708602844739855,0.7376219233930549
44904.0,DB,reaction,6.0,10.0,0.375,4,0.16336432385951347,0.6161962674588458
44906.0,DB,coverage,6.0,11.0,0.35294117647058826,4,0.15198367508112207,0.5866206364513586
44906.0,DB,reaction,28.0,44.0,0.3888888888888889,4,0.2803476309442028,0.5032792999655201
44911.0,DB,coverage,6.0,11.0,0.35294117647058826,4,0.15198367508112207,0.5866206364513586
44911.0,DB,reaction,22.0,40.0,0.3548387096774194,4,0.2416016673219448,0.47694848448187627
44912.0,WR,anticipation,6.0,7.0,0.46153846153846156,5,0.21094463823929666,0.7233303143178942
44912.0,WR,execution,8.0,5.0,0.6153846153846154,6,0.34887550641881554,0.8483477701915698
44912.0,WR,eyes,6.0,7.0,0.46153846153846156,5,0.21094463823929666,0.7233303143178942
44912.0,WR,innovation,6.0,7.0,0.46153846153846156,5,0.21094463823929666,0.7233303143178942
44912.0,WR,separation,7.0,6.0,0.5384615384615384,5,0.2766696856821058,0.7890553617607033
44915.0,DB,reaction,5.0,8.0,0.38461538461538464,4,0.15165222980843013,0.6511244935811844
44917.0,WR,anticipation,5.0,7.0,0.4166666666666667,4,0.16748809406370713,0.6920952849883228
44917.0,WR,execution,7.0,5.0,0.5833333333333334,6,0.30790471501167715,0.8325119059362929
44917.0,WR,eyes,6.0,6.0,0.5,5,0.23379359765934515,0.7662064023406548
44917.0,WR,innovation,5.0,7.0,0.4166666666666667,4,0.16748809406370713,0.6920952849883228
44917.0,WR,separation,7.0,5.0,0.5833333333333334,6,0.30790471501167715,0.8325119059362929
44925.0,DB,coverage,6.0,7.0,0.46153846153846156,5,0.21094463823929666,0.7233303143178942
44925.0,DB,reaction,25.0,13.0,0.6578947368421053,7,0.5021467164866031,0.7979001847159973
44926.0,DB,coverage,7.0,15.0,0.3181818181818182,3,0.1458769423430967,0.5217511182471137
44926.0,DB,reaction,53.0,18.0,0.7464788732394366,7,0.639884758007587,0.8399301090675972
44927.0,WR,anticipation,5.0,12.0,0.29411764705882354,3,0.11016995471711757,0.5237708198961273
44927.0,WR,execution,12.0,5.0,0.7058823529411765,7,0.4762291801038727,0.8898300452828825
44927.0,WR,eyes,11.0,6.0,0.6470588235294118,6,0.41337936354864135,0.8480163249188779
44927.0,WR,innovation,6.0,11.0,0.35294117647058826,4,0.15198367508112207,0.5866206364513586
44927.0,WR,separation,10.0,7.0,0.5882352941176471,6,0.35434609430207814,0.8024658594673321
44930.0,WR,anticipation,5.0,16.0,0.23809523809523808,2,0.08657146910143461,0.4366140029966683
44930.0,WR,execution,16.0,5.0,0.7619047619047619,8,0.5633859970033317,0.9134285308985653
44930.0,WR,eyes,8.0,13.0,0.38095238095238093,4,0.19119006072530717,0.5921885345328282
44930.0,WR,innovation,9.0,12.0,0.42857142857142855,4,0.2305778967759241,0.6394574126925103
44930.0,WR,separation,13.0,8.0,0.6190476190476191,6,0.40781146546717184,0.8088099392746928
44931.0,WR,anticipation,6.0,12.0,0.3333333333333333,3,0.14209748311022094,0.5595827187543372
44931.0,WR,execution,13.0,5.0,0.7222222222222222,7,0.5010067267954198,0.89686448562968
44931.0,WR,eyes,8.0,10.0,0.4444444444444444,4,0.22983268726599038,0.6707528460532426
44931.0,WR,innovation,7.0,11.0,0.3888888888888889,4,0.18443696178394667,0.6167163365565971
44931.0,WR,separation,13.0,5.0,0.7222222222222222,7,0.5010067267954198,0.89686448562968
44938.0,DB,reaction,5.0,6.0,0.45454545454545453,5,0.18708602844739855,0.7376219233930549
44947.0,WR,anticipation,6.0,6.0,0.5,5,0.23379359765934515,0.7662064023406548
44947.0,WR,execution,7.0,5.0,0.5833333333333334,6,0.30790471501167715,0.8325119059362929
44947.0,WR,eyes,5.0,7.0,0.4166666666666667,4,0.16748809406370713,0.6920952849883228
44947.0,WR,innovation,5.0,7.0,0.4166666666666667,4,0.16748809406370713,0.6920952849883228
44947.0,WR,separation,6.0,6.0,0.5,5,0.23379359765934515,0.7662064023406548
44957.0,DB,reaction,5.0,6.0,0.45454545454545453,5,0.18708602844739855,0.7376219233930549
44959.0,WR,anticipation,7.0,11.0,0.3888888888888889,4,0.18443696178394667,0.6167163365565971
44959.0,WR,execution,13.0,5.0,0.7222222222222222,7,0.5010067267954198,0.89686448562968
44959.0,WR,eyes,8.0,10.0,0.4444444444444444,4,0.22983268726599038,0.6707528460532426
44959.0,WR,innovation,9.0,9.0,0.5,5,0.27811830033110657,0.7218816996688935
44959.0,WR,separation,12.0,6.0,0.6666666666666666,7,0.4404172812456628,0.857902516889779
44962.0,DB,coverage,5.0,8.0,0.38461538461538464,4,0.15165222980843013,0.6511244935811844
44962.0,DB,reaction,40.0,18.0,0.6896551724137931,7,0.5659735864224326,0.800949922261782
44974.0,DB,reaction,11.0,19.0,0.36666666666666664,4,0.20686869948650707,0.5433057276679433
44976.0,DB,coverage,5.0,10.0,0.3333333333333333,3,0.1275984298591596,0.5810352571836608
44976.0,DB,reaction,19.0,19.0,0.5,5,0.34399681566576623,0.6560031843342338
44978.0,WR,anticipation,5.0,6.0,0.45454545454545453,5,0.18708602844739855,0.7376219233930549
44978.0,WR,execution,6.0,5.0,0.5454545454545454,5,0.26237807660694507,0.8129139715526015
44978.0,WR,eyes,6.0,5.0,0.5454545454545454,5,0.26237807660694507,0.8129139715526015
44978.0,WR,innovation,5.0,6.0,0.45454545454545453,5,0.18708602844739855,0.7376219233930549
44978.0,WR,separation,6.0,5.0,0.5454545454545454,5,0.26237807660694507,0.8129139715526015
44995.0,WR,anticipation,5.0,7.0,0.4166666666666667,4,0.16748809406370713,0.6920952849883228
44995.0,WR,execution,7.0,5.0,0.5833333333333334,6,0.30790471501167715,0.8325119059362929
44995.0,WR,eyes,6.0,6.0,0.5,5,0.23379359765934515,0.7662064023406548
44995.0,WR,innovation,6.0,6.0,0.5,5,0.23379359765934515,0.7662064023406548
44995.0,WR,separation,6.0,6.0,0.5,5,0.23379359765934515,0.7662064023406548
45004.0,DB,coverage,5.0,6.0,0.45454545454545453,5,0.18708602844739855,0.7376219233930549
45004.0,DB,reaction,30.0,17.0,0.6382978723404256,6,0.4975099493270364,0.7679342812000558
45021.0,DB,coverage,5.0,11.0,0.3125,3,0.11824110336688094,0.5510032410369705
45021.0,DB,reaction,25.0,32.0,0.43859649122807015,4,0.31343608328158284,0.5678409899287116
45052.0,WR,anticipation,6.0,6.0,0.5,5,0.23379359765934515,0.7662064023406548
45052.0,WR,execution,7.0,5.0,0.5833333333333334,6,0.30790471501167715,0.8325119059362929
45052.0,WR,eyes,6.0,6.0,0.5,5,0.23379359765934515,0.7662064023406548
45052.0,WR,innovation,6.0,6.0,0.5,5,0.23379359765934515,0.7662064023406548
45052.0,WR,separation,6.0,6.0,0.5,5,0.23379359765934515,0.7662064023406548
45102.0,WR,anticipation,6.0,6.0,0.5,5,0.23379359765934515,0.7662064023406548
45102.0,WR,execution,7.0,5.0,0.5833333333333334,6,0.30790471501167715,0.8325119059362929
45102.0,WR,eyes,6.0,6.0,0.5,5,0.23379359765934515,0.7662064023406548
45102.0,WR,innovation,5.0,7.0,0.4166666666666667,4,0.16748809406370713,0.6920952849883228
45102.0,WR,separation,6.0,6.0,0.5,5,0.23379359765934515,0.7662064023406548
45185.0,WR,anticipation,10.0,18.0,0.35714285714285715,4,0.1940071587151351,0.5396072860922572
45185.0,WR,execution,23.0,5.0,0.8214285714285714,8,0.6626891359757556,0.9369999934623232
45185.0,WR,eyes,7.0,21.0,0.25,2,0.11114456284544241,0.42258306004437896
45185.0,WR,innovation,13.0,15.0,0.4642857142857143,5,0.28667254813193965,0.6467357696779945
45185.0,WR,separation,21.0,7.0,0.75,8,0.5774169399556212,0.8888554371545576
45215.0,DB,reaction,7.0,9.0,0.4375,4,0.21266672951930787,0.6771302337937184
45287.0,DB,coverage,5.0,11.0,0.3125,3,0.11824110336688094,0.5510032410369705
45287.0,DB,reaction,32.0,35.0,0.47761194029850745,5,0.3599107557499767,0.596579946558275
45345.0,DB,coverage,5.0,6.0,0.45454545454545453,5,0.18708602844739855,0.7376219233930549
45345.0,DB,reaction,11.0,32.0,0.2558139534883721,3,0.13861013208847037,0.3945024290215759
45571.0,DB,coverage,6.0,16.0,0.2727272727272727,3,0.11280940392194076,0.4716598276546214
45571.0,DB,reaction,10.0,45.0,0.18181818181818182,2,0.09254548670605102,0.29294123911438524
45573.0,WR,anticipation,5.0,10.0,0.3333333333333333,3,0.1275984298591596,0.5810352571836608
45573.0,WR,execution,10.0,5.0,0.6666666666666666,7,0.4189647428163391,0.8724015701408404
45573.0,WR,eyes,6.0,9.0,0.4,4,0.1766110899821179,0.6486198893840083
45573.0,WR,innovation,7.0,8.0,0.4666666666666667,5,0.23036054144806237,0.7113905999616925
45573.0,WR,separation,9.0,6.0,0.6,6,0.3513801106159917,0.8233889100178821
45635.0,WR,anticipation,5.0,7.0,0.4166666666666667,4,0.16748809406370713,0.6920952849883228
45635.0,WR,execution,7.0,5.0,0.5833333333333334,6,0.30790471501167715,0.8325119059362929
45635.0,WR,eyes,5.0,7.0,0.4166666666666667,4,0.16748809406370713,0.6920952849883228
45635.0,WR,innovation,7.0,5.0,0.5833333333333334,6,0.30790471501167715,0.8325119059362929
45635.0,WR,separation,6.0,6.0,0.5,5,0.23379359765934515,0.7662064023406548
45900.0,WR,anticipation,5.0,12.0,0.29411764705882354,3,0.11016995471711757,0.5237708198961273
45900.0,WR,execution,12.0,5.0,0.7058823529411765,7,0.4762291801038727,0.8898300452828825
45900.0,WR,eyes,8.0,9.0,0.47058823529411764,5,0.24651011149057533,0.7012231009168222
45900.0,WR,innovation,9.0,8.0,0.5294117647058824,5,0.2987768990831778,0.7534898885094247
45900.0,WR,separation,11.0,6.0,0.6470588235294118,6,0.41337936354864135,0.8480163249188779
46071.0,WR,anticipation,7.0,13.0,0.35,4,0.16288587215509961,0.5655015688461509
46071.0,WR,execution,15.0,5.0,0.75,8,0.5443469181084943,0.9085342150923335
46071.0,WR,eyes,11.0,9.0,0.55,6,0.3349978440117354,0.7555253105338039
46071.0,WR,innovation,8.0,12.0,0.4,4,0.2025214389771628,0.6164220766855947
46071.0,WR,separation,14.0,6.0,0.7,7,0.48797065465412726,0.8742393641270166
46073.0,DB,coverage,6.0,17.0,0.2608695652173913,3,0.10728924837039697,0.45370362366212197
46073.0,DB,reaction,20.0,26.0,0.43478260869565216,4,0.2964439238658582,0.5784967155118717
46074.0,DB,reaction,5.0,9.0,0.35714285714285715,4,0.13857933889016064,0.6142616617507044
46077.0,DB,coverage,6.0,8.0,0.42857142857142855,4,0.19223244180128798,0.6842223970859369
46077.0,DB,reaction,14.0,47.0,0.22950819672131148,2,0.13383734388884802,0.3419561787346524
46080.0,DB,coverage,5.0,8.0,0.38461538461538464,4,0.15165222980843013,0.6511244935811844
46080.0,DB,reaction,27.0,18.0,0.6,6,0.4549553046634418,0.7366205749186963
46081.0,DB,reaction,5.0,6.0,0.45454545454545453,5,0.18708602844739855,0.7376219233930549
46085.0,DB,coverage,6.0,10.0,0.375,4,0.16336432385951347,0.6161962674588458
46085.0,DB,reaction,21.0,35.0,0.375,4,0.2540916483225453,0.5043685450880135
46086.0,DB,coverage,5.0,11.0,0.3125,3,0.11824110336688094,0.5510032410369705
46086.0,DB,reaction,30.0,30.0,0.5,5,0.3749825497349764,0.6250174502650234
46087.0,DB,coverage,7.0,11.0,0.3888888888888889,4,0.18443696178394667,0.6167163365565971
46087.0,DB,reaction,33.0,19.0,0.6346153846153846,6,0.500681979116747,0.7587375703599883
46088.0,DB,coverage,5.0,6.0,0.45454545454545453,5,0.18708602844739855,0.7376219233930549
46088.0,DB,reaction,14.0,26.0,0.35,4,0.21203718556079984,0.5021722646989095
46093.0,WR,anticipation,5.0,12.0,0.29411764705882354,3,0.11016995471711757,0.5237708198961273
46093.0,WR,execution,12.0,5.0,0.7058823529411765,7,0.4762291801038727,0.8898300452828825
46093.0,WR,eyes,8.0,9.0,0.47058823529411764,5,0.24651011149057533,0.7012231009168222
46093.0,WR,innovation,8.0,9.0,0.47058823529411764,5,0.24651011149057533,0.7012231009168222
46093.0,WR,separation,12.0,5.0,0.7058823529411765,7,0.4762291801038727,0.8898300452828825
46094.0,WR,anticipation,6.0,14.0,0.3,3,0.1257606358729833,0.5120293453458726
46094.0,WR,execution,15.0,5.0,0.75,8,0.5443469181084943,0.9085342150923335
46094.0,WR,eyes,8.0,12.0,0.4,4,0.2025214389771628,0.6164220766855947
46094.0,WR,innovation,7.0,13.0,0.35,4,0.16288587215509961,0.5655015688461509
46094.0,WR,separation,15.0,5.0,0.75,8,0.5443469181084943,0.9085342150923335
46095.0,WR,anticipation,7.0,17.0,0.2916666666666667,3,0.13210287969809986,0.48405197040243814
46095.0,WR,execution,19.0,5.0,0.7916666666666666,8,0.6121881100452025,0.9253965923511963
46095.0,WR,eyes,9.0,15.0,0.375,4,0.1970764239690144,0.5726560369635056
46095.0,WR,innovation,7.0,17.0,0.2916666666666667,3,0.13210287969809986,0.48405197040243814
46095.0,WR,separation,14.0,10.0,0.5833333333333334,6,0.3854189573888496,0.7680858004617686
46096.0,WR,anticipation,5.0,6.0,0.45454545454545453,5,0.18708602844739855,0.7376219233930549
46096.0,WR,execution,6.0,5.0,0.5454545454545454,5,0.26237807660694507,0.8129139715526015
46096.0,WR,eyes,5.0,6.0,0.45454545454545453,5,0.18708602844739855,0.7376219233930549
46096.0,WR,innovation,5.0,6.0,0.45454545454545453,5,0.18708602844739855,0.7376219233930549
46096.0,WR,separation,6.0,5.0,0.5454545454545454,5,0.26237807660694507,0.8129139715526015
46097.0,DB,coverage,5.0,10.0,0.3333333333333333,3,0.1275984298591596,0.5810352571836608
46097.0,DB,reaction,32.0,19.0,0.6274509803921569,6,0.49193135228560114,0.7534989222001378
46099.0,DB,reaction,5.0,6.0,0.45454545454545453,5,0.18708602844739855,0.7376219233930549
46104.0,WR,anticipation,5.0,7.0,0.4166666666666667,4,0.16748809406370713,0.6920952849883228
46104.0,WR,execution,7.0,5.0,0.5833333333333334,6,0.30790471501167715,0.8325119059362929
46104.0,WR,eyes,7.0,5.0,0.5833333333333334,6,0.30790471501167715,0.8325119059362929
46104.0,WR,innovation,6.0,6.0,0.5,5,0.23379359765934515,0.7662064023406548
46104.0,WR,separation,7.0,5.0,0.5833333333333334,6,0.30790471501167715,0.8325119059362929
46105.0,DB,coverage,5.0,8.0,0.38461538461538464,4,0.15165222980843013,0.6511244935811844
46105.0,DB,reaction,16.0,36.0,0.3076923076923077,3,0.19110397147758015,0.4382887221468229
46109.0,WR,anticipation,5.0,17.0,0.22727272727272727,2,0.08217587559302258,0.41906604118352797
46109.0,WR,execution,17.0,5.0,0.7727272727272727,8,0.5809339588164719,0.9178241244069774
46109.0,WR,eyes,10.0,12.0,0.45454545454545453,5,0.25713062640640744,0.6597936907197254
46109.0,WR,innovation,11.0,11.0,0.5,5,0.2978068387836441,0.7021931612163559
46109.0,WR,separation,14.0,8.0,0.6363636363636364,6,0.4303245170958757,0.8189283744598268
46110.0,DB,coverage,5.0,8.0,0.38461538461538464,4,0.15165222980843013,0.6511244935811844
46110.0,DB,reaction,5.0,17.0,0.22727272727272727,2,0.08217587559302258,0.41906604118352797
46111.0,WR,anticipation,9.0,9.0,0.5,5,0.27811830033110657,0.7218816996688935
46111.0,WR,execution,13.0,5.0,0.7222222222222222,7,0.5010067267954198,0.89686448562968
46111.0,WR,eyes,6.0,12.0,0.3333333333333333,3,0.14209748311022094,0.5595827187543372
46111.0,WR,innovation,8.0,10.0,0.4444444444444444,4,0.22983268726599038,0.6707528460532426
46111.0,WR,separation,13.0,5.0,0.7222222222222222,7,0.5010067267954198,0.89686448562968
46116.0,WR,anticipation,6.0,14.0,0.3,3,0.1257606358729833,0.5120293453458726
46116.0,WR,execution,15.0,5.0,0.75,8,0.5443469181084943,0.9085342150923335
46116.0,WR,eyes,8.0,12.0,0.4,4,0.2025214389771628,0.6164220766855947
46116.0,WR,innovation,9.0,11.0,0.45,4,0.24447468946619608,0.6650021559882646
46116.0,WR,separation,15.0,5.0,0.75,8,0.5443469181084943,0.9085342150923335
46117.0,DB,reaction,5.0,10.0,0.3333333333333333,3,0.1275984298591596,0.5810352571836608
46118.0,WR,anticipation,5.0,11.0,0.3125,3,0.11824110336688094,0.5510032410369705
46118.0,WR,execution,11.0,5.0,0.6875,7,0.4489967589630295,0.881758896633119
46118.0,WR,eyes,7.0,9.0,0.4375,4,0.21266672951930787,0.6771302337937184
46118.0,WR,innovation,7.0,9.0,0.4375,4,0.21266672951930787,0.6771302337937184
46118.0,WR,separation,9.0,7.0,0.5625,6,0.3228697662062816,0.7873332704806921
46122.0,DB,coverage,6.0,11.0,0.35294117647058826,4,0.15198367508112207,0.5866206364513586
46122.0,DB,reaction,15.0,24.0,0.38461538461538464,4,0.24038789364403543,0.5400572140755622
46123.0,DB,coverage,5.0,8.0,0.38461538461538464,4,0.15165222980843013,0.6511244935811844
46123.0,DB,reaction,32.0,23.0,0.5818181818181818,6,0.45034412435897536,0.7076527337629305
46124.0,DB,coverage,9.0,11.0,0.45,4,0.24447468946619608,0.6650021559882646
46124.0,DB,reaction,16.0,29.0,0.35555555555555557,4,0.22408014007872376,0.49919498929429984
46127.0,DB,coverage,5.0,12.0,0.29411764705882354,3,0.11016995471711757,0.5237708198961273
46127.0,DB,reaction,21.0,46.0,0.31343283582089554,3,0.20889836724144156,0.42851651457736506
46130.0,WR,anticipation,5.0,6.0,0.45454545454545453,5,0.18708602844739855,0.7376219233930549
46130.0,WR,execution,6.0,5.0,0.5454545454545454,5,0.26237807660694507,0.8129139715526015
46130.0,WR,eyes,6.0,5.0,0.5454545454545454,5,0.26237807660694507,0.8129139715526015
46130.0,WR,innovation,5.0,6.0,0.45454545454545453,5,0.18708602844739855,0.7376219233930549
46130.0,WR,separation,6.0,5.0,0.5454545454545454,5,0.26237807660694507,0.8129139715526015
46132.0,DB,coverage,6.0,12.0,0.3333333333333333,3,0.14209748311022094,0.5595827187543372
46132.0,DB,reaction,15.0,33.0,0.3125,3,0.19086050766750792,0.44893568720632593
46137.0,DB,coverage,5.0,11.0,0.3125,3,0.11824110336688094,0.5510032410369705
46137.0,DB,reaction,36.0,22.0,0.6206896551724138,6,0.4934470331353673,0.7400453190018772
46138.0,DB,reaction,6.0,5.0,0.5454545454545454,5,0.26237807660694507,0.8129139715526015
46139.0,DB,coverage,7.0,12.0,0.3684210526315789,4,0.17298585478975181,0.5900747618279255
46139.0,DB,reaction,21.0,65.0,0.2441860465116279,2,0.15989809586074533,0.339735937291173
46141.0,DB,reaction,5.0,6.0,0.45454545454545453,5,0.18708602844739855,0.7376219233930549
46142.0,DB,coverage,5.0,13.0,0.2777777777777778,3,0.10313551437032001,0.4989932732045801
46142.0,DB,reaction,13.0,41.0,0.24074074074074073,2,0.13755117555231638,0.36209592316301525
46146.0,DB,reaction,5.0,7.0,0.4166666666666667,4,0.16748809406370713,0.6920952849883228
46150.0,WR,anticipation,5.0,9.0,0.35714285714285715,4,0.13857933889016064,0.6142616617507044
46150.0,WR,execution,9.0,5.0,0.6428571428571429,6,0.3857383382492956,0.8614206611098394
46150.0,WR,eyes,5.0,9.0,0.35714285714285715,4,0.13857933889016064,0.6142616617507044
46150.0,WR,innovation,8.0,6.0,0.5714285714285714,6,0.31577760291406304,0.807767558198712
46150.0,WR,separation,7.0,7.0,0.5,5,0.25134548227030357,0.7486545177296964
46151.0,DB,reaction,6.0,5.0,0.5454545454545454,5,0.26237807660694507,0.8129139715526015
46153.0,DB,reaction,5.0,6.0,0.45454545454545453,5,0.18708602844739855,0.7376219233930549
46155.0,WR,anticipation,6.0,11.0,0.35294117647058826,4,0.15198367508112207,0.5866206364513586
46155.0,WR,execution,12.0,5.0,0.7058823529411765,7,0.4762291801038727,0.8898300452828825
46155.0,WR,eyes,7.0,10.0,0.4117647058823529,4,0.19753414053266785,0.6456539056979218
46155.0,WR,innovation,9.0,8.0,0.5294117647058824,5,0.2987768990831778,0.7534898885094247
46155.0,WR,separation,11.0,6.0,0.6470588235294118,6,0.41337936354864135,0.8480163249188779
46156.0,DB,reaction,6.0,5.0,0.5454545454545454,5,0.26237807660694507,0.8129139715526015
46157.0,DB,reaction,5.0,8.0,0.38461538461538464,4,0.15165222980843013,0.6511244935811844
46167.0,WR,anticipation,5.0,7.0,0.4166666666666667,4,0.16748809406370713,0.6920952849883228
46167.0,WR,execution,7.0,5.0,0.5833333333333334,6,0.30790471501167715,0.8325119059362929
46167.0,WR,eyes,6.0,6.0,0.5,5,0.23379359765934515,0.7662064023406548
46167.0,WR,innovation,5.0,7.0,0.4166666666666667,4,0.16748809406370713,0.6920952849883228
46167.0,WR,separation,6.0,6.0,0.5,5,0.23379359765934515,0.7662064023406548
46168.0,DB,coverage,5.0,6.0,0.45454545454545453,5,0.18708602844739855,0.7376219233930549
46168.0,DB,reaction,5.0,8.0,0.38461538461538464,4,0.15165222980843013,0.6511244935811844
46175.0,DB,coverage,5.0,10.0,0.3333333333333333,3,0.1275984298591596,0.5810352571836608
46175.0,DB,reaction,20.0,30.0,0.4,4,0.26996706063129844,0.5376145090797704
46186.0,DB,coverage,5.0,9.0,0.35714285714285715,4,0.13857933889016064,0.6142616617507044
46186.0,DB,reaction,45.0,25.0,0.6428571428571429,6,0.527929663779253,0.7500505956350662
46188.0,DB,coverage,5.0,18.0,0.21739130434782608,2,0.07820626035189253,0.40284578307787133
46188.0,DB,reaction,17.0,46.0,0.2698412698412698,3,0.16854294492997088,0.3849724533289682
46189.0,WR,anticipation,7.0,8.0,0.4666666666666667,5,0.23036054144806237,0.7113905999616925
46189.0,WR,execution,10.0,5.0,0.6666666666666666,7,0.4189647428163391,0.8724015701408404
46189.0,WR,eyes,7.0,8.0,0.4666666666666667,5,0.23036054144806237,0.7113905999616925
46189.0,WR,innovation,8.0,7.0,0.5333333333333333,5,0.28860940003830743,0.7696394585519376
46189.0,WR,separation,8.0,7.0,0.5333333333333333,5,0.28860940003830743,0.7696394585519376
46190.0,DB,coverage,5.0,8.0,0.38461538461538464,4,0.15165222980843013,0.6511244935811844
46190.0,DB,reaction,18.0,23.0,0.43902439024390244,4,0.29258835003987993,0.5910994195730367
46192.0,WR,anticipation,11.0,9.0,0.55,6,0.3349978440117354,0.7555253105338039
46192.0,WR,execution,15.0,5.0,0.75,8,0.5443469181084943,0.9085342150923335
46192.0,WR,eyes,9.0,11.0,0.45,4,0.24447468946619608,0.6650021559882646
46192.0,WR,innovation,8.0,12.0,0.4,4,0.2025214389771628,0.6164220766855947
46192.0,WR,separation,14.0,6.0,0.7,7,0.48797065465412726,0.8742393641270166
46194.0,DB,coverage,6.0,14.0,0.3,3,0.1257606358729833,0.5120293453458726
46194.0,DB,reaction,21.0,29.0,0.42,4,0.2881952242478096,0.5578706070573545
46199.0,DB,reaction,5.0,6.0,0.45454545454545453,5,0.18708602844739855,0.7376219233930549
46206.0,WR,anticipation,7.0,14.0,0.3333333333333333,3,0.15390920478454118,0.5427891822762891
46206.0,WR,execution,16.0,5.0,0.7619047619047619,8,0.5633859970033317,0.9134285308985653
46206.0,WR,eyes,7.0,14.0,0.3333333333333333,3,0.15390920478454118,0.5427891822762891
46206.0,WR,innovation,10.0,11.0,0.47619047619047616,5,0.27195784956079183,0.6847218669594515
46206.0,WR,separation,14.0,7.0,0.6666666666666666,7,0.45721081772371086,0.8460907952154588
46211.0,DB,coverage,8.0,16.0,0.3333333333333333,3,0.1637635983749499,0.5291916660085065
46211.0,DB,reaction,20.0,50.0,0.2857142857142857,3,0.18687194980560984,0.3961508087170803
46212.0,DB,coverage,5.0,7.0,0.4166666666666667,4,0.16748809406370713,0.6920952849883228
46212.0,DB,reaction,23.0,24.0,0.48936170212765956,5,0.34903815242370567,0.6305435264300165
46213.0,WR,anticipation,6.0,13.0,0.3157894736842105,3,0.13342740250612353,0.5348019655830561
46213.0,WR,execution,14.0,5.0,0.7368421052631579,7,0.5236272342635198,0.9030507874744406
46213.0,WR,eyes,8.0,11.0,0.42105263157894735,4,0.21530150738729983,0.6425487941069373
46213.0,WR,innovation,10.0,9.0,0.5263157894736842,5,0.30757165899875616,0.7398094171049029
46213.0,WR,separation,13.0,6.0,0.6842105263157895,7,0.46519803441694385,0.8665725974938765
46215.0,DB,coverage,9.0,10.0,0.47368421052631576,5,0.26019058289509706,0.6924283410012437
46215.0,DB,reaction,16.0,40.0,0.2857142857142857,3,0.17629965735823683,0.4096194853448191
46223.0,DB,coverage,5.0,6.0,0.45454545454545453,5,0.18708602844739855,0.7376219233930549
46223.0,DB,reaction,5.0,6.0,0.45454545454545453,5,0.18708602844739855,0.7376219233930549
46226.0,WR,anticipation,5.0,11.0,0.3125,3,0.11824110336688094,0.5510032410369705
46226.0,WR,execution,11.0,5.0,0.6875,7,0.4489967589630295,0.881758896633119
46226.0,WR,eyes,6.0,10.0,0.375,4,0.16336432385951347,0.6161962674588458
46226.0,WR,innovation,5.0,11.0,0.3125,3,0.11824110336688094,0.5510032410369705
46226.0,WR,separation,10.0,6.0,0.625,6,0.38380373254115413,0.8366356761404865
46229.0,DB,reaction,5.0,6.0,0.45454545454545453,5,0.18708602844739855,0.7376219233930549
46243.0,WR,anticipation,5.0,10.0,0.3333333333333333,3,0.1275984298591596,0.5810352571836608
46243.0,WR,execution,10.0,5.0,0.6666666666666666,7,0.4189647428163391,0.8724015701408404
46243.0,WR,eyes,5.0,10.0,0.3333333333333333,3,0.1275984298591596,0.5810352571836608
46243.0,WR,innovation,7.0,8.0,0.4666666666666667,5,0.23036054144806237,0.7113905999616925
46243.0,WR,separation,10.0,5.0,0.6666666666666666,7,0.4189647428163391,0.8724015701408404
46259.0,DB,coverage,6.0,7.0,0.46153846153846156,5,0.21094463823929666,0.7233303143178942
46259.0,DB,reaction,45.0,18.0,0.7142857142857143,7,0.5976838425949784,0.8180059641321282
46269.0,DB,coverage,6.0,10.0,0.375,4,0.16336432385951347,0.6161962674588458
46269.0,DB,reaction,24.0,45.0,0.34782608695652173,3,0.24083848872662939,0.46317102705458024
46279.0,WR,anticipation,6.0,11.0,0.35294117647058826,4,0.15198367508112207,0.5866206364513586
46279.0,WR,execution,12.0,5.0,0.7058823529411765,7,0.4762291801038727,0.8898300452828825
46279.0,WR,eyes,8.0,9.0,0.47058823529411764,5,0.24651011149057533,0.7012231009168222
46279.0,WR,innovation,6.0,11.0,0.35294117647058826,4,0.15198367508112207,0.5866206364513586
46279.0,WR,separation,11.0,6.0,0.6470588235294118,6,0.41337936354864135,0.8480163249188779
46304.0,DB,coverage,7.0,12.0,0.3684210526315789,4,0.17298585478975181,0.5900747618279255
46304.0,DB,reaction,19.0,47.0,0.2878787878787879,3,0.1860289518367988,0.40190118134934344
46309.0,WR,anticipation,5.0,8.0,0.38461538461538464,4,0.15165222980843013,0.6511244935811844
46309.0,WR,execution,8.0,5.0,0.6153846153846154,6,0.34887550641881554,0.8483477701915698
46309.0,WR,eyes,5.0,8.0,0.38461538461538464,4,0.15165222980843013,0.6511244935811844
46309.0,WR,innovation,5.0,8.0,0.38461538461538464,4,0.15165222980843013,0.6511244935811844
46309.0,WR,separation,7.0,6.0,0.5384615384615384,5,0.2766696856821058,0.7890553617607033
46310.0,DB,coverage,5.0,7.0,0.4166666666666667,4,0.16748809406370713,0.6920952849883228
46310.0,DB,reaction,7.0,14.0,0.3333333333333333,3,0.15390920478454118,0.5427891822762891
46349.0,DB,reaction,5.0,6.0,0.45454545454545453,5,0.18708602844739855,0.7376219233930549
46456.0,DB,coverage,6.0,13.0,0.3157894736842105,3,0.13342740250612353,0.5348019655830561
46456.0,DB,reaction,42.0,32.0,0.5675675675675675,6,0.454054422106454,0.6776194826936378
46461.0,WR,anticipation,6.0,7.0,0.46153846153846156,5,0.21094463823929666,0.7233303143178942
46461.0,WR,execution,8.0,5.0,0.6153846153846154,6,0.34887550641881554,0.8483477701915698
46461.0,WR,eyes,6.0,7.0,0.46153846153846156,5,0.21094463823929666,0.7233303143178942
46461.0,WR,innovation,6.0,7.0,0.46153846153846156,5,0.21094463823929666,0.7233303143178942
46461.0,WR,separation,7.0,6.0,0.5384615384615384,5,0.2766696856821058,0.7890553617607033
46522.0,WR,anticipation,5.0,6.0,0.45454545454545453,5,0.18708602844739855,0.7376219233930549
46522.0,WR,execution,6.0,5.0,0.5454545454545454,5,0.26237807660694507,0.8129139715526015
46522.0,WR,eyes,6.0,5.0,0.5454545454545454,5,0.26237807660694507,0.8129139715526015
46522.0,WR,innovation,5.0,6.0,0.45454545454545453,5,0.18708602844739855,0.7376219233930549
46522.0,WR,separation,6.0,5.0,0.5454545454545454,5,0.26237807660694507,0.8129139715526015
46527.0,DB,coverage,5.0,10.0,0.3333333333333333,3,0.1275984298591596,0.5810352571836608
46527.0,DB,reaction,18.0,19.0,0.4864864864864865,5,0.3292217994577103,0.64513620146269
46542.0,WR,anticipation,5.0,6.0,0.45454545454545453,5,0.18708602844739855,0.7376219233930549
46542.0,WR,execution,6.0,5.0,0.5454545454545454,5,0.26237807660694507,0.8129139715526015
46542.0,WR,eyes,5.0,6.0,0.45454545454545453,5,0.18708602844739855,0.7376219233930549
46542.0,WR,innovation,5.0,6.0,0.45454545454545453,5,0.18708602844739855,0.7376219233930549
46542.0,WR,separation,6.0,5.0,0.5454545454545454,5,0.26237807660694507,0.8129139715526015
46652.0,DB,coverage,5.0,9.0,0.35714285714285715,4,0.13857933889016064,0.6142616617507044
46652.0,DB,reaction,9.0,22.0,0.2903225806451613,3,0.14734518475470101,0.45889365139475125
46657.0,DB,coverage,5.0,6.0,0.45454545454545453,5,0.18708602844739855,0.7376219233930549
46657.0,DB,reaction,9.0,10.0,0.47368421052631576,5,0.26019058289509706,0.6924283410012437
46669.0,DB,reaction,9.0,10.0,0.47368421052631576,5,0.26019058289509706,0.6924283410012437
46672.0,DB,coverage,5.0,7.0,0.4166666666666667,4,0.16748809406370713,0.6920952849883228
46672.0,DB,reaction,8.0,27.0,0.22857142857142856,2,0.10746181577500809,0.3789777485396833
46684.0,DB,reaction,5.0,6.0,0.45454545454545453,5,0.18708602844739855,0.7376219233930549
46698.0,DB,coverage,6.0,12.0,0.3333333333333333,3,0.14209748311022094,0.5595827187543372
46698.0,DB,reaction,28.0,36.0,0.4375,4,0.31917312627195704,0.5595290321232311
46699.0,DB,reaction,6.0,5.0,0.5454545454545454,5,0.26237807660694507,0.8129139715526015
46700.0,DB,coverage,5.0,11.0,0.3125,3,0.11824110336688094,0.5510032410369705
46700.0,DB,reaction,31.0,25.0,0.5535714285714286,6,0.4232166489552772,0.6802993200048335
46705.0,WR,anticipation,5.0,12.0,0.29411764705882354,3,0.11016995471711757,0.5237708198961273
46705.0,WR,execution,12.0,5.0,0.7058823529411765,7,0.4762291801038727,0.8898300452828825
46705.0,WR,eyes,7.0,10.0,0.4117647058823529,4,0.19753414053266785,0.6456539056979218
46705.0,WR,innovation,7.0,10.0,0.4117647058823529,4,0.19753414053266785,0.6456539056979218
46705.0,WR,separation,10.0,7.0,0.5882352941176471,6,0.35434609430207814,0.8024658594673321
46711.0,DB,coverage,5.0,8.0,0.38461538461538464,4,0.15165222980843013,0.6511244935811844
46711.0,DB,reaction,34.0,30.0,0.53125,5,0.409425527239559,0.6512232887337102
46724.0,DB,coverage,5.0,6.0,0.45454545454545453,5,0.18708602844739855,0.7376219233930549
46724.0,DB,reaction,5.0,6.0,0.45454545454545453,5,0.18708602844739855,0.7376219233930549
46757.0,DB,coverage,7.0,15.0,0.3181818181818182,3,0.1458769423430967,0.5217511182471137
46757.0,DB,reaction,30.0,54.0,0.35714285714285715,4,0.2588010694405054,0.4619295410343194
46759.0,WR,anticipation,5.0,7.0,0.4166666666666667,4,0.16748809406370713,0.6920952849883228
46759.0,WR,execution,7.0,5.0,0.5833333333333334,6,0.30790471501167715,0.8325119059362929
46759.0,WR,eyes,5.0,7.0,0.4166666666666667,4,0.16748809406370713,0.6920952849883228
46759.0,WR,innovation,5.0,7.0,0.4166666666666667,4,0.16748809406370713,0.6920952849883228
46759.0,WR,separation,7.0,5.0,0.5833333333333334,6,0.30790471501167715,0.8325119059362929
46775.0,DB,coverage,8.0,13.0,0.38095238095238093,4,0.19119006072530717,0.5921885345328282
46775.0,DB,reaction,11.0,32.0,0.2558139534883721,3,0.13861013208847037,0.3945024290215759
46807.0,DB,reaction,19.0,24.0,0.4418604651162791,4,0.2984588131963176,0.5903887292371299
46902.0,DB,coverage,6.0,9.0,0.4,4,0.1766110899821179,0.6486198893840083
46902.0,DB,reaction,15.0,42.0,0.2631578947368421,3,0.15832524844203685,0.38372019088070564
46908.0,DB,reaction,7.0,7.0,0.5,5,0.25134548227030357,0.7486545177296964
46968.0,DB,coverage,6.0,5.0,0.5454545454545454,5,0.26237807660694507,0.8129139715526015
46968.0,DB,reaction,7.0,15.0,0.3181818181818182,3,0.1458769423430967,0.5217511182471137
47605.0,WR,anticipation,5.0,6.0,0.45454545454545453,5,0.18708602844739855,0.7376219233930549
47605.0,WR,execution,6.0,5.0,0.5454545454545454,5,0.26237807660694507,0.8129139715526015
47605.0,WR,eyes,5.0,6.0,0.45454545454545453,5,0.18708602844739855,0.7376219233930549
47605.0,WR,innovation,5.0,6.0,0.45454545454545453,5,0.18708602844739855,0.7376219233930549
47605.0,WR,separation,6.0,5.0,0.5454545454545454,5,0.26237807660694507,0.8129139715526015
47788.0,DB,coverage,5.0,10.0,0.3333333333333333,3,0.1275984298591596,0.5810352571836608
47788.0,DB,reaction,18.0,38.0,0.32142857142857145,3,0.20680811686740744,0.44812974534377453
47790.0,DB,reaction,7.0,9.0,0.4375,4,0.21266672951930787,0.6771302337937184
47791.0,WR,anticipation,8.0,17.0,0.32,3,0.15630228570913526,0.5109478138578332
47791.0,WR,execution,20.0,5.0,0.8,8,0.6261582865113173,0.928681382801945
47791.0,WR,eyes,8.0,17.0,0.32,3,0.15630228570913526,0.5109478138578332
47791.0,WR,innovation,11.0,14.0,0.44,4,0.25553020199474624,0.6335693543436376
47791.0,WR,separation,18.0,7.0,0.72,7,0.5328871975773307,0.8738479114763087
47793.0,DB,coverage,5.0,9.0,0.35714285714285715,4,0.13857933889016064,0.6142616617507044
47793.0,DB,reaction,10.0,7.0,0.5882352941176471,6,0.35434609430207814,0.8024658594673321
47799.0,DB,reaction,5.0,9.0,0.35714285714285715,4,0.13857933889016064,0.6142616617507044
47802.0,DB,reaction,5.0,6.0,0.45454545454545453,5,0.18708602844739855,0.7376219233930549
47803.0,WR,anticipation,5.0,9.0,0.35714285714285715,4,0.13857933889016064,0.6142616617507044
47803.0,WR,execution,9.0,5.0,0.6428571428571429,6,0.3857383382492956,0.8614206611098394
47803.0,WR,eyes,6.0,8.0,0.42857142857142855,4,0.19223244180128798,0.6842223970859369
47803.0,WR,innovation,8.0,6.0,0.5714285714285714,6,0.31577760291406304,0.807767558198712
47803.0,WR,separation,9.0,5.0,0.6428571428571429,6,0.3857383382492956,0.8614206611098394
47804.0,DB,coverage,5.0,8.0,0.38461538461538464,4,0.15165222980843013,0.6511244935811844
47804.0,DB,reaction,23.0,30.0,0.4339622641509434,4,0.30469562471174694,0.567952795996458
47807.0,WR,anticipation,5.0,13.0,0.2777777777777778,3,0.10313551437032001,0.4989932732045801
47807.0,WR,execution,13.0,5.0,0.7222222222222222,7,0.5010067267954198,0.89686448562968
47807.0,WR,eyes,8.0,10.0,0.4444444444444444,4,0.22983268726599038,0.6707528460532426
47807.0,WR,innovation,8.0,10.0,0.4444444444444444,4,0.22983268726599038,0.6707528460532426
47807.0,WR,separation,11.0,7.0,0.6111111111111112,6,0.3832836634434029,0.8155630382160532
47808.0,WR,anticipation,7.0,16.0,0.30434782608695654,3,0.13864652155379784,0.5022212012663488
47808.0,WR,execution,18.0,5.0,0.782608695652174,8,0.5971542169221287,0.9217937396481075
47808.0,WR,eyes,9.0,14.0,0.391304347826087,4,0.2070931229971492,0.5934233311743533
47808.0,WR,innovation,10.0,13.0,0.43478260869565216,4,0.2438618659230165,0.6364530382702687
47808.0,WR,separation,15.0,8.0,0.6521739130434783,7,0.4512755724262295,0.8280205623536676
47809.0,DB,reaction,5.0,6.0,0.45454545454545453,5,0.18708602844739855,0.7376219233930549
47816.0,DB,coverage,5.0,15.0,0.25,2,0.09146578490766653,0.45565308189150555
47816.0,DB,reaction,25.0,27.0,0.4807692307692308,5,0.3475279629951143,0.6154127369372966
47817.0,DB,coverage,5.0,7.0,0.4166666666666667,4,0.16748809406370713,0.6920952849883228
47817.0,DB,reaction,11.0,17.0,0.39285714285714285,4,0.2238972913505814,0.5763204274957041
47819.0,WR,anticipation,6.0,15.0,0.2857142857142857,3,0.11893159040572766,0.49104587170795744
47819.0,WR,execution,16.0,5.0,0.7619047619047619,8,0.5633859970033317,0.9134285308985653
47819.0,WR,eyes,7.0,14.0,0.3333333333333333,3,0.15390920478454118,0.5427891822762891
47819.0,WR,innovation,11.0,10.0,0.5238095238095238,5,0.31527813304054847,0.7280421504392081
47819.0,WR,separation,14.0,7.0,0.6666666666666666,7,0.45721081772371086,0.8460907952154588
47822.0,DB,coverage,7.0,11.0,0.3888888888888889,4,0.18443696178394667,0.6167163365565971
47822.0,DB,reaction,27.0,36.0,0.42857142857142855,4,0.30991206226817086,0.5515289178218302
47826.0,DB,coverage,5.0,11.0,0.3125,3,0.11824110336688094,0.5510032410369705
47826.0,DB,reaction,9.0,23.0,0.28125,3,0.14222852909752504,0.4461339343348965
47833.0,WR,anticipation,7.0,10.0,0.4117647058823529,4,0.19753414053266785,0.6456539056979218
47833.0,WR,execution,12.0,5.0,0.7058823529411765,7,0.4762291801038727,0.8898300452828825
47833.0,WR,eyes,5.0,12.0,0.29411764705882354,3,0.11016995471711757,0.5237708198961273
47833.0,WR,innovation,6.0,11.0,0.35294117647058826,4,0.15198367508112207,0.5866206364513586
47833.0,WR,separation,10.0,7.0,0.5882352941176471,6,0.35434609430207814,0.8024658594673321
47834.0,WR,anticipation,5.0,18.0,0.21739130434782608,2,0.07820626035189253,0.40284578307787133
47834.0,WR,execution,18.0,5.0,0.782608695652174,8,0.5971542169221287,0.9217937396481075
47834.0,WR,eyes,11.0,12.0,0.4782608695652174,5,0.2822105209380929,0.6778952454468283
47834.0,WR,innovation,14.0,9.0,0.6086956521739131,6,0.4065766688256466,0.7929068770028508
47834.0,WR,separation,16.0,7.0,0.6956521739130435,7,0.49777879873365116,0.8613534784462021
47836.0,WR,anticipation,6.0,11.0,0.35294117647058826,4,0.15198367508112207,0.5866206364513586
47836.0,WR,execution,12.0,5.0,0.7058823529411765,7,0.4762291801038727,0.8898300452828825
47836.0,WR,eyes,9.0,8.0,0.5294117647058824,5,0.2987768990831778,0.7534898885094247
47836.0,WR,innovation,8.0,9.0,0.47058823529411764,5,0.24651011149057533,0.7012231009168222
47836.0,WR,separation,10.0,7.0,0.5882352941176471,6,0.35434609430207814,0.8024658594673321
47839.0,WR,anticipation,5.0,6.0,0.45454545454545453,5,0.18708602844739855,0.7376219233930549
47839.0,WR,execution,6.0,5.0,0.5454545454545454,5,0.26237807660694507,0.8129139715526015
47839.0,WR,eyes,5.0,6.0,0.45454545454545453,5,0.18708602844739855,0.7376219233930549
47839.0,WR,innovation,5.0,6.0,0.45454545454545453,5,0.18708602844739855,0.7376219233930549
47839.0,WR,separation,6.0,5.0,0.5454545454545454,5,0.26237807660694507,0.8129139715526015
47842.0,WR,anticipation,5.0,13.0,0.2777777777777778,3,0.10313551437032001,0.4989932732045801
47842.0,WR,execution,13.0,5.0,0.7222222222222222,7,0.5010067267954198,0.89686448562968
47842.0,WR,eyes,8.0,10.0,0.4444444444444444,4,0.22983268726599038,0.6707528460532426
47842.0,WR,innovation,9.0,9.0,0.5,5,0.27811830033110657,0.7218816996688935
47842.0,WR,separation,12.0,6.0,0.6666666666666666,7,0.4404172812456628,0.857902516889779
47844.0,DB,reaction,5.0,6.0,0.45454545454545453,5,0.18708602844739855,0.7376219233930549
47846.0,DB,coverage,5.0,6.0,0.45454545454545453,5,0.18708602844739855,0.7376219233930549
47846.0,DB,reaction,8.0,17.0,0.32,3,0.15630228570913526,0.5109478138578332
47847.0,WR,anticipation,7.0,11.0,0.3888888888888889,4,0.18443696178394667,0.6167163365565971
47847.0,WR,execution,13.0,5.0,0.7222222222222222,7,0.5010067267954198,0.89686448562968
47847.0,WR,eyes,6.0,12.0,0.3333333333333333,3,0.14209748311022094,0.5595827187543372
47847.0,WR,innovation,7.0,11.0,0.3888888888888889,4,0.18443696178394667,0.6167163365565971
47847.0,WR,separation,12.0,6.0,0.6666666666666666,7,0.4404172812456628,0.857902516889779
47849.0,WR,anticipation,6.0,10.0,0.375,4,0.16336432385951347,0.6161962674588458
47849.0,WR,execution,11.0,5.0,0.6875,7,0.4489967589630295,0.881758896633119
47849.0,WR,eyes,5.0,11.0,0.3125,3,0.11824110336688094,0.5510032410369705
47849.0,WR,innovation,6.0,10.0,0.375,4,0.16336432385951347,0.6161962674588458
47849.0,WR,separation,9.0,7.0,0.5625,6,0.3228697662062816,0.7873332704806921
47852.0,WR,anticipation,6.0,10.0,0.375,4,0.16336432385951347,0.6161962674588458
47852.0,WR,execution,11.0,5.0,0.6875,7,0.4489967589630295,0.881758896633119
47852.0,WR,eyes,7.0,9.0,0.4375,4,0.21266672951930787,0.6771302337937184
47852.0,WR,innovation,8.0,8.0,0.5,5,0.26586134727739663,0.7341386527226034
47852.0,WR,separation,11.0,5.0,0.6875,7,0.4489967589630295,0.881758896633119
47855.0,DB,coverage,5.0,6.0,0.45454545454545453,5,0.18708602844739855,0.7376219233930549
47855.0,DB,reaction,14.0,33.0,0.2978723404255319,3,0.1774268152959448,0.434604077784251
47856.0,WR,anticipation,5.0,6.0,0.45454545454545453,5,0.18708602844739855,0.7376219233930549
47856.0,WR,execution,6.0,5.0,0.5454545454545454,5,0.26237807660694507,0.8129139715526015
47856.0,WR,eyes,6.0,5.0,0.5454545454545454,5,0.26237807660694507,0.8129139715526015
47856.0,WR,innovation,5.0,6.0,0.45454545454545453,5,0.18708602844739855,0.7376219233930549
47856.0,WR,separation,6.0,5.0,0.5454545454545454,5,0.26237807660694507,0.8129139715526015
47857.0,WR,anticipation,5.0,6.0,0.45454545454545453,5,0.18708602844739855,0.7376219233930549
47857.0,WR,execution,6.0,5.0,0.5454545454545454,5,0.26237807660694507,0.8129139715526015
47857.0,WR,eyes,5.0,6.0,0.45454545454545453,5,0.18708602844739855,0.7376219233930549
47857.0,WR,innovation,5.0,6.0,0.45454545454545453,5,0.18708602844739855,0.7376219233930549
47857.0,WR,separation,6.0,5.0,0.5454545454545454,5,0.26237807660694507,0.8129139715526015
47859.0,WR,anticipation,8.0,11.0,0.42105263157894735,4,0.21530150738729983,0.6425487941069373
47859.0,WR,execution,14.0,5.0,0.7368421052631579,7,0.5236272342635198,0.9030507874744406
47859.0,WR,eyes,8.0,11.0,0.42105263157894735,4,0.21530150738729983,0.6425487941069373
47859.0,WR,innovation,9.0,10.0,0.47368421052631576,5,0.26019058289509706,0.6924283410012437
47859.0,WR,separation,12.0,7.0,0.631578947368421,6,0.40992523817207444,0.8270141452102482
47862.0,DB,reaction,7.0,6.0,0.5384615384615384,5,0.2766696856821058,0.7890553617607033
47863.0,DB,coverage,5.0,7.0,0.4166666666666667,4,0.16748809406370713,0.6920952849883228
47863.0,DB,reaction,8.0,16.0,0.3333333333333333,3,0.1637635983749499,0.5291916660085065
47864.0,DB,reaction,5.0,7.0,0.4166666666666667,4,0.16748809406370713,0.6920952849883228
47870.0,WR,anticipation,5.0,7.0,0.4166666666666667,4,0.16748809406370713,0.6920952849883228
47870.0,WR,execution,7.0,5.0,0.5833333333333334,6,0.30790471501167715,0.8325119059362929
47870.0,WR,eyes,5.0,7.0,0.4166666666666667,4,0.16748809406370713,0.6920952849883228
47870.0,WR,innovation,6.0,6.0,0.5,5,0.23379359765934515,0.7662064023406548
47870.0,WR,separation,7.0,5.0,0.5833333333333334,6,0.30790471501167715,0.8325119059362929
47871.0,DB,coverage,5.0,12.0,0.29411764705882354,3,0.11016995471711757,0.5237708198961273
47871.0,DB,reaction,12.0,41.0,0.22641509433962265,2,0.1253161076152327,0.3470376064021534
47872.0,DB,coverage,5.0,7.0,0.4166666666666667,4,0.16748809406370713,0.6920952849883228
47872.0,DB,reaction,14.0,36.0,0.28,3,0.16584179165458152,0.41081714115642015
47876.0,WR,anticipation,5.0,6.0,0.45454545454545453,5,0.18708602844739855,0.7376219233930549
47876.0,WR,execution,6.0,5.0,0.5454545454545454,5,0.26237807660694507,0.8129139715526015
47876.0,WR,eyes,5.0,6.0,0.45454545454545453,5,0.18708602844739855,0.7376219233930549
47876.0,WR,innovation,5.0,6.0,0.45454545454545453,5,0.18708602844739855,0.7376219233930549
47876.0,WR,separation,6.0,5.0,0.5454545454545454,5,0.26237807660694507,0.8129139715526015
47877.0,DB,coverage,5.0,14.0,0.2631578947368421,3,0.09694921252555934,0.4763727657364801
47877.0,DB,reaction,19.0,46.0,0.2923076923076923,3,0.1891173702367261,0.4076002963220325
47878.0,DB,reaction,5.0,9.0,0.35714285714285715,4,0.13857933889016064,0.6142616617507044
47879.0,WR,anticipation,8.0,9.0,0.47058823529411764,5,0.24651011149057533,0.7012231009168222
47879.0,WR,execution,12.0,5.0,0.7058823529411765,7,0.4762291801038727,0.8898300452828825
47879.0,WR,eyes,7.0,10.0,0.4117647058823529,4,0.19753414053266785,0.6456539056979218
47879.0,WR,innovation,8.0,9.0,0.47058823529411764,5,0.24651011149057533,0.7012231009168222
47879.0,WR,separation,9.0,8.0,0.5294117647058824,5,0.2987768990831778,0.7534898885094247
47881.0,DB,coverage,6.0,18.0,0.25,2,0.10228613391535846,0.4370307262368146
47881.0,DB,reaction,21.0,44.0,0.3230769230769231,3,0.21587199889372471,0.44059436681746184
47882.0,DB,coverage,5.0,7.0,0.4166666666666667,4,0.16748809406370713,0.6920952849883228
47882.0,DB,reaction,19.0,10.0,0.6551724137931034,7,0.4764835932903815,0.8135933399995545
47885.0,WR,anticipation,6.0,11.0,0.35294117647058826,4,0.15198367508112207,0.5866206364513586
47885.0,WR,execution,12.0,5.0,0.7058823529411765,7,0.4762291801038727,0.8898300452828825
47885.0,WR,eyes,8.0,9.0,0.47058823529411764,5,0.24651011149057533,0.7012231009168222
47885.0,WR,innovation,6.0,11.0,0.35294117647058826,4,0.15198367508112207,0.5866206364513586
47885.0,WR,separation,11.0,6.0,0.6470588235294118,6,0.41337936354864135,0.8480163249188779
47888.0,DB,coverage,5.0,8.0,0.38461538461538464,4,0.15165222980843013,0.6511244935811844
47888.0,DB,reaction,33.0,35.0,0.4852941176470588,5,0.3681565292868793,0.6032515951296267
47890.0,DB,coverage,5.0,6.0,0.45454545454545453,5,0.18708602844739855,0.7376219233930549
47890.0,DB,reaction,6.0,10.0,0.375,4,0.16336432385951347,0.6161962674588458
47891.0,DB,coverage,6.0,13.0,0.3157894736842105,3,0.13342740250612353,0.5348019655830561
47891.0,DB,reaction,47.0,27.0,0.6351351351351351,6,0.5230861575934929,0.7402633502651429
47896.0,WR,anticipation,5.0,6.0,0.45454545454545453,5,0.18708602844739855,0.7376219233930549
47896.0,WR,execution,6.0,5.0,0.5454545454545454,5,0.26237807660694507,0.8129139715526015
47896.0,WR,eyes,5.0,6.0,0.45454545454545453,5,0.18708602844739855,0.7376219233930549
47896.0,WR,innovation,5.0,6.0,0.45454545454545453,5,0.18708602844739855,0.7376219233930549
47896.0,WR,separation,5.0,6.0,0.45454545454545453,5,0.18708602844739855,0.7376219233930549
47899.0,DB,coverage,5.0,9.0,0.35714285714285715,4,0.13857933889016064,0.6142616617507044
47899.0,DB,reaction,10.0,18.0,0.35714285714285715,4,0.1940071587151351,0.5396072860922572
47904.0,WR,anticipation,5.0,6.0,0.45454545454545453,5,0.18708602844739855,0.7376219233930549
47904.0,WR,execution,6.0,5.0,0.5454545454545454,5,0.26237807660694507,0.8129139715526015
47904.0,WR,eyes,5.0,6.0,0.45454545454545453,5,0.18708602844739855,0.7376219233930549
47904.0,WR,innovation,5.0,6.0,0.45454545454545453,5,0.18708602844739855,0.7376219233930549
47904.0,WR,separation,6.0,5.0,0.5454545454545454,5,0.26237807660694507,0.8129139715526015
47911.0,WR,anticipation,6.0,13.0,0.3157894736842105,3,0.13342740250612353,0.5348019655830561
47911.0,WR,execution,14.0,5.0,0.7368421052631579,7,0.5236272342635198,0.9030507874744406
47911.0,WR,eyes,7.0,12.0,0.3684210526315789,4,0.17298585478975181,0.5900747618279255
47911.0,WR,innovation,6.0,13.0,0.3157894736842105,3,0.13342740250612353,0.5348019655830561
47911.0,WR,separation,13.0,6.0,0.6842105263157895,7,0.46519803441694385,0.8665725974938765
47913.0,DB,coverage,5.0,6.0,0.45454545454545453,5,0.18708602844739855,0.7376219233930549
47913.0,DB,reaction,8.0,15.0,0.34782608695652173,3,0.1719794376463324,0.5487244275737704
47915.0,DB,coverage,6.0,5.0,0.5454545454545454,5,0.26237807660694507,0.8129139715526015
47915.0,DB,reaction,5.0,7.0,0.4166666666666667,4,0.16748809406370713,0.6920952849883228
47917.0,DB,reaction,5.0,6.0,0.45454545454545453,5,0.18708602844739855,0.7376219233930549
47920.0,WR,anticipation,5.0,7.0,0.4166666666666667,4,0.16748809406370713,0.6920952849883228
47920.0,WR,execution,7.0,5.0,0.5833333333333334,6,0.30790471501167715,0.8325119059362929
47920.0,WR,eyes,6.0,6.0,0.5,5,0.23379359765934515,0.7662064023406548
47920.0,WR,innovation,6.0,6.0,0.5,5,0.23379359765934515,0.7662064023406548
47920.0,WR,separation,6.0,6.0,0.5,5,0.23379359765934515,0.7662064023406548
47931.0,DB,coverage,7.0,22.0,0.2413793103448276,2,0.10690799182922664,0.4095310265058281
47931.0,DB,reaction,32.0,56.0,0.36363636363636365,4,0.2669088899728221,0.4662362853578922
47932.0,WR,anticipation,5.0,6.0,0.45454545454545453,5,0.18708602844739855,0.7376219233930549
47932.0,WR,execution,6.0,5.0,0.5454545454545454,5,0.26237807660694507,0.8129139715526015
47932.0,WR,eyes,5.0,6.0,0.45454545454545453,5,0.18708602844739855,0.7376219233930549
47932.0,WR,innovation,6.0,5.0,0.5454545454545454,5,0.26237807660694507,0.8129139715526015
47932.0,WR,separation,6.0,5.0,0.5454545454545454,5,0.26237807660694507,0.8129139715526015
47934.0,DB,coverage,5.0,6.0,0.45454545454545453,5,0.18708602844739855,0.7376219233930549
47934.0,DB,reaction,7.0,21.0,0.25,2,0.11114456284544241,0.42258306004437896
47938.0,DB,reaction,6.0,8.0,0.42857142857142855,4,0.19223244180128798,0.6842223970859369
47939.0,DB,reaction,6.0,5.0,0.5454545454545454,5,0.26237807660694507,0.8129139715526015
47941.0,DB,coverage,6.0,5.0,0.5454545454545454,5,0.26237807660694507,0.8129139715526015
47941.0,DB,reaction,13.0,6.0,0.6842105263157895,7,0.46519803441694385,0.8665725974938765
47947.0,DB,coverage,5.0,9.0,0.35714285714285715,4,0.13857933889016064,0.6142616617507044
47947.0,DB,reaction,15.0,18.0,0.45454545454545453,5,0.2909398229060152,0.6233742684099061
47954.0,WR,anticipation,7.0,13.0,0.35,4,0.16288587215509961,0.5655015688461509
47954.0,WR,execution,15.0,5.0,0.75,8,0.5443469181084943,0.9085342150923335
47954.0,WR,eyes,10.0,10.0,0.5,5,0.2886432479169988,0.7113567520830011
47954.0,WR,innovation,7.0,13.0,0.35,4,0.16288587215509961,0.5655015688461509
47954.0,WR,separation,13.0,7.0,0.65,6,0.43449843115384906,0.8371141278449004
47956.0,DB,coverage,5.0,11.0,0.3125,3,0.11824110336688094,0.5510032410369705
47956.0,DB,reaction,15.0,39.0,0.2777777777777778,3,0.16785777519653408,0.40327923084999995
47965.0,WR,anticipation,6.0,6.0,0.5,5,0.23379359765934515,0.7662064023406548
47965.0,WR,execution,7.0,5.0,0.5833333333333334,6,0.30790471501167715,0.8325119059362929
47965.0,WR,eyes,5.0,7.0,0.4166666666666667,4,0.16748809406370713,0.6920952849883228
47965.0,WR,innovation,6.0,6.0,0.5,5,0.23379359765934515,0.7662064023406548
47965.0,WR,separation,5.0,7.0,0.4166666666666667,4,0.16748809406370713,0.6920952849883228
47971.0,DB,coverage,5.0,10.0,0.3333333333333333,3,0.1275984298591596,0.5810352571836608
47971.0,DB,reaction,16.0,17.0,0.48484848484848486,5,0.318874964234164,0.6525631907136071
47974.0,DB,coverage,6.0,7.0,0.46153846153846156,5,0.21094463823929666,0.7233303143178942
47974.0,DB,reaction,41.0,23.0,0.640625,6,0.5202661770886656,0.7526567353267375
48026.0,DB,coverage,5.0,10.0,0.3333333333333333,3,0.1275984298591596,0.5810352571836608
48026.0,DB,reaction,21.0,29.0,0.42,4,0.2881952242478096,0.5578706070573545
48027.0,DB,coverage,5.0,9.0,0.35714285714285715,4,0.13857933889016064,0.6142616617507044
48027.0,DB,reaction,10.0,42.0,0.19230769230769232,2,0.09824341651159875,0.30872598611898905
48097.0,WR,anticipation,8.0,11.0,0.42105263157894735,4,0.21530150738729983,0.6425487941069373
48097.0,WR,execution,14.0,5.0,0.7368421052631579,7,0.5236272342635198,0.9030507874744406
48097.0,WR,eyes,8.0,11.0,0.42105263157894735,4,0.21530150738729983,0.6425487941069373
48097.0,WR,innovation,11.0,8.0,0.5789473684210527,6,0.3574512058930626,0.7846984926127001
48097.0,WR,separation,12.0,7.0,0.631578947368421,6,0.40992523817207444,0.8270141452102482
48207.0,WR,anticipation,5.0,6.0,0.45454545454545453,5,0.18708602844739855,0.7376219233930549
48207.0,WR,execution,6.0,5.0,0.5454545454545454,5,0.26237807660694507,0.8129139715526015
48207.0,WR,eyes,5.0,6.0,0.45454545454545453,5,0.18708602844739855,0.7376219233930549
48207.0,WR,innovation,6.0,5.0,0.5454545454545454,5,0.26237807660694507,0.8129139715526015
48207.0,WR,separation,6.0,5.0,0.5454545454545454,5,0.26237807660694507,0.8129139715526015
48233.0,WR,anticipation,6.0,6.0,0.5,5,0.23379359765934515,0.7662064023406548
48233.0,WR,execution,7.0,5.0,0.5833333333333334,6,0.30790471501167715,0.8325119059362929
48233.0,WR,eyes,7.0,5.0,0.5833333333333334,6,0.30790471501167715,0.8325119059362929
48233.0,WR,innovation,6.0,6.0,0.5,5,0.23379359765934515,0.7662064023406548
48233.0,WR,separation,6.0,6.0,0.5,5,0.23379359765934515,0.7662064023406548
48241.0,DB,coverage,5.0,9.0,0.35714285714285715,4,0.13857933889016064,0.6142616617507044
48241.0,DB,reaction,17.0,28.0,0.37777777777777777,4,0.243571642440721,0.5222785035613743
48268.0,DB,coverage,5.0,10.0,0.3333333333333333,3,0.1275984298591596,0.5810352571836608
48268.0,DB,reaction,20.0,38.0,0.3448275862068966,3,0.2291455971682381,0.4706475575190316
48415.0,WR,anticipation,6.0,6.0,0.5,5,0.23379359765934515,0.7662064023406548
48415.0,WR,execution,7.0,5.0,0.5833333333333334,6,0.30790471501167715,0.8325119059362929
48415.0,WR,eyes,5.0,7.0,0.4166666666666667,4,0.16748809406370713,0.6920952849883228
48415.0,WR,innovation,5.0,7.0,0.4166666666666667,4,0.16748809406370713,0.6920952849883228
48415.0,WR,separation,7.0,5.0,0.5833333333333334,6,0.30790471501167715,0.8325119059362929
48456.0,WR,anticipation,6.0,9.0,0.4,4,0.1766110899821179,0.6486198893840083
48456.0,WR,execution,10.0,5.0,0.6666666666666666,7,0.4189647428163391,0.8724015701408404
48456.0,WR,eyes,9.0,6.0,0.6,6,0.3513801106159917,0.8233889100178821
48456.0,WR,innovation,8.0,7.0,0.5333333333333333,5,0.28860940003830743,0.7696394585519376
48456.0,WR,separation,8.0,7.0,0.5333333333333333,5,0.28860940003830743,0.7696394585519376
48482.0,DB,reaction,6.0,5.0,0.5454545454545454,5,0.26237807660694507,0.8129139715526015
48487.0,DB,reaction,6.0,5.0,0.5454545454545454,5,0.26237807660694507,0.8129139715526015
48508.0,DB,reaction,8.0,6.0,0.5714285714285714,6,0.31577760291406304,0.807767558198712
48516.0,DB,coverage,5.0,15.0,0.25,2,0.09146578490766653,0.45565308189150555
48516.0,DB,reaction,23.0,34.0,0.40350877192982454,4,0.2809715243846004,0.532463072554213
48537.0,DB,reaction,7.0,5.0,0.5833333333333334,6,0.30790471501167715,0.8325119059362929
48541.0,WR,anticipation,6.0,8.0,0.42857142857142855,4,0.19223244180128798,0.6842223970859369
48541.0,WR,execution,9.0,5.0,0.6428571428571429,6,0.3857383382492956,0.8614206611098394
48541.0,WR,eyes,6.0,8.0,0.42857142857142855,4,0.19223244180128798,0.6842223970859369
48541.0,WR,innovation,5.0,9.0,0.35714285714285715,4,0.13857933889016064,0.6142616617507044
48541.0,WR,separation,8.0,6.0,0.5714285714285714,6,0.31577760291406304,0.807767558198712
48581.0,DB,reaction,7.0,5.0,0.5833333333333334,6,0.30790471501167715,0.8325119059362929
48988.0,WR,anticipation,6.0,5.0,0.5454545454545454,5,0.26237807660694507,0.8129139715526015
48988.0,WR,execution,6.0,5.0,0.5454545454545454,5,0.26237807660694507,0.8129139715526015
48988.0,WR,eyes,5.0,6.0,0.45454545454545453,5,0.18708602844739855,0.7376219233930549
48988.0,WR,innovation,5.0,6.0,0.45454545454545453,5,0.18708602844739855,0.7376219233930549
48988.0,WR,separation,6.0,5.0,0.5454545454545454,5,0.26237807660694507,0.8129139715526015
49410.0,DB,coverage,6.0,10.0,0.375,4,0.16336432385951347,0.6161962674588458
49410.0,DB,reaction,34.0,30.0,0.53125,5,0.409425527239559,0.6512232887337102
52272.0,DB,coverage,5.0,11.0,0.3125,3,0.11824110336688094,0.5510032410369705
52272.0,DB,reaction,15.0,29.0,0.3409090909090909,3,0.21007815700666993,0.4854397681522341
52416.0,DB,coverage,5.0,7.0,0.4166666666666667,4,0.16748809406370713,0.6920952849883228
52416.0,DB,reaction,13.0,9.0,0.5909090909090909,6,0.3843543903786459,0.7818031431148698
52417.0,DB,coverage,6.0,9.0,0.4,4,0.1766110899821179,0.6486198893840083
52417.0,DB,reaction,16.0,28.0,0.36363636363636365,4,0.22975169629928757,0.5092663604753611
52423.0,WR,anticipation,5.0,9.0,0.35714285714285715,4,0.13857933889016064,0.6142616617507044
52423.0,WR,execution,9.0,5.0,0.6428571428571429,6,0.3857383382492956,0.8614206611098394
52423.0,WR,eyes,6.0,8.0,0.42857142857142855,4,0.19223244180128798,0.6842223970859369
52423.0,WR,innovation,7.0,7.0,0.5,5,0.25134548227030357,0.7486545177296964
52423.0,WR,separation,8.0,6.0,0.5714285714285714,6,0.31577760291406304,0.807767558198712
52424.0,DB,coverage,9.0,12.0,0.42857142857142855,4,0.2305778967759241,0.6394574126925103
52424.0,DB,reaction,19.0,38.0,0.3333333333333333,3,0.218109291169369,0.45963623448440816
52425.0,WR,anticipation,9.0,15.0,0.375,4,0.1970764239690144,0.5726560369635056
52425.0,WR,execution,19.0,5.0,0.7916666666666666,8,0.6121881100452025,0.9253965923511963
52425.0,WR,eyes,9.0,15.0,0.375,4,0.1970764239690144,0.5726560369635056
52425.0,WR,innovation,13.0,11.0,0.5416666666666666,5,0.3449466074523746,0.7318038138244465
52425.0,WR,separation,16.0,8.0,0.6666666666666666,7,0.4708083339914933,0.8362364016250501
52428.0,DB,reaction,6.0,6.0,0.5,5,0.23379359765934515,0.7662064023406548
52430.0,WR,anticipation,7.0,26.0,0.21212121212121213,2,0.09277153228471931,0.3643923098640901
52430.0,WR,execution,28.0,5.0,0.8484848484848485,8,0.7100515798092443,0.9472494355978659
52430.0,WR,eyes,12.0,21.0,0.36363636363636365,4,0.21100031642399283,0.5319310362802687
52430.0,WR,innovation,11.0,22.0,0.3333333333333333,3,0.18571909171656614,0.5000775816321696
52430.0,WR,separation,21.0,12.0,0.6363636363636364,6,0.4680689637197313,0.7889996835760071
52431.0,DB,coverage,5.0,9.0,0.35714285714285715,4,0.13857933889016064,0.6142616617507044
52431.0,DB,reaction,26.0,30.0,0.4642857142857143,5,0.3365343307250292,0.5944551088426611
52433.0,WR,anticipation,6.0,18.0,0.25,2,0.10228613391535846,0.4370307262368146
52433.0,WR,execution,19.0,5.0,0.7916666666666666,8,0.6121881100452025,0.9253965923511963
52433.0,WR,eyes,6.0,18.0,0.25,2,0.10228613391535846,0.4370307262368146
52433.0,WR,innovation,11.0,13.0,0.4583333333333333,5,0.26819618617555346,0.6550533925476254
52433.0,WR,separation,15.0,9.0,0.625,6,0.42734396303649436,0.8029235760309856
52435.0,DB,coverage,6.0,12.0,0.3333333333333333,3,0.14209748311022094,0.5595827187543372
52435.0,DB,reaction,23.0,26.0,0.46938775510204084,5,0.33286633621366873,0.6082780024010915
52436.0,DB,coverage,5.0,12.0,0.29411764705882354,3,0.11016995471711757,0.5237708198961273
52436.0,DB,reaction,30.0,30.0,0.5,5,0.3749825497349764,0.6250174502650234
52438.0,DB,coverage,5.0,7.0,0.4166666666666667,4,0.16748809406370713,0.6920952849883228
52438.0,DB,reaction,5.0,10.0,0.3333333333333333,3,0.1275984298591596,0.5810352571836608
52440.0,WR,anticipation,5.0,7.0,0.4166666666666667,4,0.16748809406370713,0.6920952849883228
52440.0,WR,execution,7.0,5.0,0.5833333333333334,6,0.30790471501167715,0.8325119059362929
52440.0,WR,eyes,6.0,6.0,0.5,5,0.23379359765934515,0.7662064023406548
52440.0,WR,innovation,6.0,6.0,0.5,5,0.23379359765934515,0.7662064023406548
52440.0,WR,separation,6.0,6.0,0.5,5,0.23379359765934515,0.7662064023406548
52441.0,WR,anticipation,8.0,18.0,0.3076923076923077,3,0.14949542261356955,0.49387682180625553
52441.0,WR,execution,21.0,5.0,0.8076923076923077,8,0.6391715455407279,0.931688535987516
52441.0,WR,eyes,10.0,16.0,0.38461538461538464,4,0.211254806465142,0.5747936504461505
52441.0,WR,innovation,7.0,19.0,0.2692307692307692,3,0.12071668850406662,0.4512880178166864
52441.0,WR,separation,16.0,10.0,0.6153846153846154,6,0.42520634955384945,0.788745193534858
52442.0,WR,anticipation,10.0,16.0,0.38461538461538464,4,0.211254806465142,0.5747936504461505
52442.0,WR,execution,21.0,5.0,0.8076923076923077,8,0.6391715455407279,0.931688535987516
52442.0,WR,eyes,11.0,15.0,0.4230769230769231,4,0.24402366514720805,0.61334650374316
52442.0,WR,innovation,9.0,17.0,0.34615384615384615,3,0.17971682058365537,0.5350007174973723
52442.0,WR,separation,17.0,9.0,0.6538461538461539,7,0.4649992825026276,0.8202831794163445
52443.0,WR,anticipation,5.0,10.0,0.3333333333333333,3,0.1275984298591596,0.5810352571836608
52443.0,WR,execution,10.0,5.0,0.6666666666666666,7,0.4189647428163391,0.8724015701408404
52443.0,WR,eyes,8.0,7.0,0.5333333333333333,5,0.28860940003830743,0.7696394585519376
52443.0,WR,innovation,5.0,10.0,0.3333333333333333,3,0.1275984298591596,0.5810352571836608
52443.0,WR,separation,9.0,6.0,0.6,6,0.3513801106159917,0.8233889100178821
52444.0,DB,coverage,6.0,11.0,0.35294117647058826,4,0.15198367508112207,0.5866206364513586
52444.0,DB,reaction,30.0,24.0,0.5555555555555556,6,0.4228258323790299,0.6843847161359013
52445.0,DB,coverage,6.0,7.0,0.46153846153846156,5,0.21094463823929666,0.7233303143178942
52445.0,DB,reaction,29.0,27.0,0.5178571428571429,5,0.3880414579804876,0.6464637968420599
52446.0,DB,reaction,5.0,7.0,0.4166666666666667,4,0.16748809406370713,0.6920952849883228
52451.0,WR,anticipation,8.0,14.0,0.36363636363636365,4,0.18107162554017314,0.5696754829041242
52451.0,WR,execution,17.0,5.0,0.7727272727272727,8,0.5809339588164719,0.9178241244069774
52451.0,WR,eyes,7.0,15.0,0.3181818181818182,3,0.1458769423430967,0.5217511182471137
52451.0,WR,innovation,10.0,12.0,0.45454545454545453,5,0.25713062640640744,0.6597936907197254
52451.0,WR,separation,13.0,9.0,0.5909090909090909,6,0.3843543903786459,0.7818031431148698
52452.0,DB,coverage,6.0,10.0,0.375,4,0.16336432385951347,0.6161962674588458
52452.0,DB,reaction,29.0,17.0,0.6304347826086957,6,0.48780100514814595,0.7623217552722018
52453.0,DB,coverage,7.0,8.0,0.4666666666666667,5,0.23036054144806237,0.7113905999616925
52453.0,DB,reaction,33.0,32.0,0.5076923076923077,5,0.3872588082204236,0.6276771371043933
52456.0,DB,coverage,5.0,6.0,0.45454545454545453,5,0.18708602844739855,0.7376219233930549
52456.0,DB,reaction,5.0,8.0,0.38461538461538464,4,0.15165222980843013,0.6511244935811844
52457.0,WR,anticipation,5.0,12.0,0.29411764705882354,3,0.11016995471711757,0.5237708198961273
52457.0,WR,execution,12.0,5.0,0.7058823529411765,7,0.4762291801038727,0.8898300452828825
52457.0,WR,eyes,7.0,10.0,0.4117647058823529,4,0.19753414053266785,0.6456539056979218
52457.0,WR,innovation,6.0,11.0,0.35294117647058826,4,0.15198367508112207,0.5866206364513586
52457.0,WR,separation,12.0,5.0,0.7058823529411765,7,0.4762291801038727,0.8898300452828825
52458.0,DB,coverage,7.0,10.0,0.4117647058823529,4,0.19753414053266785,0.6456539056979218
52458.0,DB,reaction,28.0,32.0,0.4666666666666667,5,0.34298364924769426,0.5924559792122288
52459.0,DB,coverage,5.0,12.0,0.29411764705882354,3,0.11016995471711757,0.5237708198961273
52459.0,DB,reaction,16.0,32.0,0.3333333333333333,3,0.20864087822476013,0.47118125720406034
52462.0,DB,reaction,6.0,5.0,0.5454545454545454,5,0.26237807660694507,0.8129139715526015
52463.0,WR,anticipation,5.0,6.0,0.45454545454545453,5,0.18708602844739855,0.7376219233930549
52463.0,WR,execution,6.0,5.0,0.5454545454545454,5,0.26237807660694507,0.8129139715526015
52463.0,WR,eyes,5.0,6.0,0.45454545454545453,5,0.18708602844739855,0.7376219233930549
52463.0,WR,innovation,5.0,6.0,0.45454545454545453,5,0.18708602844739855,0.7376219233930549
52463.0,WR,separation,6.0,5.0,0.5454545454545454,5,0.26237807660694507,0.8129139715526015
52465.0,WR,anticipation,8.0,10.0,0.4444444444444444,4,0.22983268726599038,0.6707528460532426
52465.0,WR,execution,13.0,5.0,0.7222222222222222,7,0.5010067267954198,0.89686448562968
52465.0,WR,eyes,7.0,11.0,0.3888888888888889,4,0.18443696178394667,0.6167163365565971
52465.0,WR,innovation,8.0,10.0,0.4444444444444444,4,0.22983268726599038,0.6707528460532426
52465.0,WR,separation,12.0,6.0,0.6666666666666666,7,0.4404172812456628,0.857902516889779
52468.0,DB,coverage,5.0,6.0,0.45454545454545453,5,0.18708602844739855,0.7376219233930549
52468.0,DB,reaction,5.0,9.0,0.35714285714285715,4,0.13857933889016064,0.6142616617507044
52469.0,DB,coverage,5.0,8.0,0.38461538461538464,4,0.15165222980843013,0.6511244935811844
52469.0,DB,reaction,5.0,15.0,0.25,2,0.09146578490766653,0.45565308189150555
52470.0,WR,anticipation,5.0,7.0,0.4166666666666667,4,0.16748809406370713,0.6920952849883228
52470.0,WR,execution,7.0,5.0,0.5833333333333334,6,0.30790471501167715,0.8325119059362929
52470.0,WR,eyes,6.0,6.0,0.5,5,0.23379359765934515,0.7662064023406548
52470.0,WR,innovation,5.0,7.0,0.4166666666666667,4,0.16748809406370713,0.6920952849883228
52470.0,WR,separation,7.0,5.0,0.5833333333333334,6,0.30790471501167715,0.8325119059362929
52471.0,DB,coverage,5.0,6.0,0.45454545454545453,5,0.18708602844739855,0.7376219233930549
52471.0,DB,reaction,11.0,19.0,0.36666666666666664,4,0.20686869948650707,0.5433057276679433
52472.0,DB,coverage,5.0,7.0,0.4166666666666667,4,0.16748809406370713,0.6920952849883228
52472.0,DB,reaction,11.0,12.0,0.4782608695652174,5,0.2822105209380929,0.6778952454468283
52473.0,DB,coverage,5.0,15.0,0.25,2,0.09146578490766653,0.45565308189150555
52473.0,DB,reaction,16.0,34.0,0.32,3,0.19948533804610205,0.4541524365052458
52474.0,WR,anticipation,5.0,7.0,0.4166666666666667,4,0.16748809406370713,0.6920952849883228
52474.0,WR,execution,7.0,5.0,0.5833333333333334,6,0.30790471501167715,0.8325119059362929
52474.0,WR,eyes,5.0,7.0,0.4166666666666667,4,0.16748809406370713,0.6920952849883228
52474.0,WR,innovation,5.0,7.0,0.4166666666666667,4,0.16748809406370713,0.6920952849883228
52474.0,WR,separation,7.0,5.0,0.5833333333333334,6,0.30790471501167715,0.8325119059362929
52476.0,DB,coverage,5.0,6.0,0.45454545454545453,5,0.18708602844739855,0.7376219233930549
52476.0,DB,reaction,7.0,5.0,0.5833333333333334,6,0.30790471501167715,0.8325119059362929
52482.0,DB,reaction,5.0,8.0,0.38461538461538464,4,0.15165222980843013,0.6511244935811844
52493.0,DB,coverage,5.0,15.0,0.25,2,0.09146578490766653,0.45565308189150555
52493.0,DB,reaction,34.0,34.0,0.5,5,0.3824010800605265,0.6175989199394735
52494.0,WR,anticipation,5.0,8.0,0.38461538461538464,4,0.15165222980843013,0.6511244935811844
52494.0,WR,execution,8.0,5.0,0.6153846153846154,6,0.34887550641881554,0.8483477701915698
52494.0,WR,eyes,6.0,7.0,0.46153846153846156,5,0.21094463823929666,0.7233303143178942
52494.0,WR,innovation,6.0,7.0,0.46153846153846156,5,0.21094463823929666,0.7233303143178942
52494.0,WR,separation,8.0,5.0,0.6153846153846154,6,0.34887550641881554,0.8483477701915698
52500.0,WR,anticipation,5.0,7.0,0.4166666666666667,4,0.16748809406370713,0.6920952849883228
52500.0,WR,execution,7.0,5.0,0.5833333333333334,6,0.30790471501167715,0.8325119059362929
52500.0,WR,eyes,5.0,7.0,0.4166666666666667,4,0.16748809406370713,0.6920952849883228
52500.0,WR,innovation,5.0,7.0,0.4166666666666667,4,0.16748809406370713,0.6920952849883228
52500.0,WR,separation,5.0,7.0,0.4166666666666667,4,0.16748809406370713,0.6920952849883228
52502.0,WR,anticipation,5.0,7.0,0.4166666666666667,4,0.16748809406370713,0.6920952849883228
52502.0,WR,execution,7.0,5.0,0.5833333333333334,6,0.30790471501167715,0.8325119059362929
52502.0,WR,eyes,6.0,6.0,0.5,5,0.23379359765934515,0.7662064023406548
52502.0,WR,innovation,5.0,7.0,0.4166666666666667,4,0.16748809406370713,0.6920952849883228
52502.0,WR,separation,6.0,6.0,0.5,5,0.23379359765934515,0.7662064023406548
52506.0,DB,coverage,5.0,6.0,0.45454545454545453,5,0.18708602844739855,0.7376219233930549
52506.0,DB,reaction,7.0,7.0,0.5,5,0.25134548227030357,0.7486545177296964
52510.0,DB,coverage,5.0,7.0,0.4166666666666667,4,0.16748809406370713,0.6920952849883228
52510.0,DB,reaction,5.0,10.0,0.3333333333333333,3,0.1275984298591596,0.5810352571836608
52513.0,WR,anticipation,5.0,11.0,0.3125,3,0.11824110336688094,0.5510032410369705
52513.0,WR,execution,11.0,5.0,0.6875,7,0.4489967589630295,0.881758896633119
52513.0,WR,eyes,8.0,8.0,0.5,5,0.26586134727739663,0.7341386527226034
52513.0,WR,innovation,7.0,9.0,0.4375,4,0.21266672951930787,0.6771302337937184
52513.0,WR,separation,10.0,6.0,0.625,6,0.38380373254115413,0.8366356761404865
52515.0,DB,coverage,5.0,6.0,0.45454545454545453,5,0.18708602844739855,0.7376219233930549
52515.0,DB,reaction,5.0,7.0,0.4166666666666667,4,0.16748809406370713,0.6920952849883228
52518.0,DB,reaction,5.0,7.0,0.4166666666666667,4,0.16748809406370713,0.6920952849883228
52520.0,WR,anticipation,6.0,6.0,0.5,5,0.23379359765934515,0.7662064023406548
52520.0,WR,execution,7.0,5.0,0.5833333333333334,6,0.30790471501167715,0.8325119059362929
52520.0,WR,eyes,6.0,6.0,0.5,5,0.23379359765934515,0.7662064023406548
52520.0,WR,innovation,5.0,7.0,0.4166666666666667,4,0.16748809406370713,0.6920952849883228
52520.0,WR,separation,7.0,5.0,0.5833333333333334,6,0.30790471501167715,0.8325119059362929
52523.0,WR,anticipation,5.0,9.0,0.35714285714285715,4,0.13857933889016064,0.6142616617507044
52523.0,WR,execution,9.0,5.0,0.6428571428571429,6,0.3857383382492956,0.8614206611098394
52523.0,WR,eyes,7.0,7.0,0.5,5,0.25134548227030357,0.7486545177296964
52523.0,WR,innovation,7.0,7.0,0.5,5,0.25134548227030357,0.7486545177296964
52523.0,WR,separation,9.0,5.0,0.6428571428571429,6,0.3857383382492956,0.8614206611098394
52525.0,DB,coverage,5.0,7.0,0.4166666666666667,4,0.16748809406370713,0.6920952849883228
52525.0,DB,reaction,6.0,9.0,0.4,4,0.1766110899821179,0.6486198893840083
52532.0,WR,anticipation,6.0,6.0,0.5,5,0.23379359765934515,0.7662064023406548
52532.0,WR,execution,7.0,5.0,0.5833333333333334,6,0.30790471501167715,0.8325119059362929
52532.0,WR,eyes,6.0,6.0,0.5,5,0.23379359765934515,0.7662064023406548
52532.0,WR,innovation,5.0,7.0,0.4166666666666667,4,0.16748809406370713,0.6920952849883228
52532.0,WR,separation,6.0,6.0,0.5,5,0.23379359765934515,0.7662064023406548
52535.0,DB,coverage,5.0,6.0,0.45454545454545453,5,0.18708602844739855,0.7376219233930549
52535.0,DB,reaction,34.0,26.0,0.5666666666666667,6,0.44067203682794487,0.6884489975932768
52536.0,WR,anticipation,6.0,13.0,0.3157894736842105,3,0.13342740250612353,0.5348019655830561
52536.0,WR,execution,14.0,5.0,0.7368421052631579,7,0.5236272342635198,0.9030507874744406
52536.0,WR,eyes,8.0,11.0,0.42105263157894735,4,0.21530150738729983,0.6425487941069373
52536.0,WR,innovation,9.0,10.0,0.47368421052631576,5,0.26019058289509706,0.6924283410012437
52536.0,WR,separation,14.0,5.0,0.7368421052631579,7,0.5236272342635198,0.9030507874744406
52541.0,WR,anticipation,6.0,8.0,0.42857142857142855,4,0.19223244180128798,0.6842223970859369
52541.0,WR,execution,9.0,5.0,0.6428571428571429,6,0.3857383382492956,0.8614206611098394
52541.0,WR,eyes,7.0,7.0,0.5,5,0.25134548227030357,0.7486545177296964
52541.0,WR,innovation,6.0,8.0,0.42857142857142855,4,0.19223244180128798,0.6842223970859369
52541.0,WR,separation,9.0,5.0,0.6428571428571429,6,0.3857383382492956,0.8614206611098394
52542.0,DB,reaction,9.0,7.0,0.5625,6,0.3228697662062816,0.7873332704806921
52544.0,WR,anticipation,6.0,6.0,0.5,5,0.23379359765934515,0.7662064023406548
52544.0,WR,execution,7.0,5.0,0.5833333333333334,6,0.30790471501167715,0.8325119059362929
52544.0,WR,eyes,6.0,6.0,0.5,5,0.23379359765934515,0.7662064023406548
52544.0,WR,innovation,5.0,7.0,0.4166666666666667,4,0.16748809406370713,0.6920952849883228
52544.0,WR,separation,7.0,5.0,0.5833333333333334,6,0.30790471501167715,0.8325119059362929
52546.0,DB,coverage,7.0,12.0,0.3684210526315789,4,0.17298585478975181,0.5900747618279255
52546.0,DB,reaction,26.0,28.0,0.48148148148148145,5,0.35061843971063966,0.6136447928059006
52547.0,DB,coverage,5.0,6.0,0.45454545454545453,5,0.18708602844739855,0.7376219233930549
52547.0,DB,reaction,5.0,6.0,0.45454545454545453,5,0.18708602844739855,0.7376219233930549
52552.0,WR,anticipation,5.0,6.0,0.45454545454545453,5,0.18708602844739855,0.7376219233930549
52552.0,WR,execution,6.0,5.0,0.5454545454545454,5,0.26237807660694507,0.8129139715526015
52552.0,WR,eyes,5.0,6.0,0.45454545454545453,5,0.18708602844739855,0.7376219233930549
52552.0,WR,innovation,5.0,6.0,0.45454545454545453,5,0.18708602844739855,0.7376219233930549
52552.0,WR,separation,6.0,5.0,0.5454545454545454,5,0.26237807660694507,0.8129139715526015
52571.0,DB,reaction,7.0,7.0,0.5,5,0.25134548227030357,0.7486545177296964
52581.0,WR,anticipation,5.0,10.0,0.3333333333333333,3,0.1275984298591596,0.5810352571836608
52581.0,WR,execution,10.0,5.0,0.6666666666666666,7,0.4189647428163391,0.8724015701408404
52581.0,WR,eyes,6.0,9.0,0.4,4,0.1766110899821179,0.6486198893840083
52581.0,WR,innovation,7.0,8.0,0.4666666666666667,5,0.23036054144806237,0.7113905999616925
52581.0,WR,separation,10.0,5.0,0.6666666666666666,7,0.4189647428163391,0.8724015701408404
52584.0,WR,anticipation,7.0,15.0,0.3181818181818182,3,0.1458769423430967,0.5217511182471137
52584.0,WR,execution,17.0,5.0,0.7727272727272727,8,0.5809339588164719,0.9178241244069774
52584.0,WR,eyes,9.0,13.0,0.4090909090909091,4,0.2181968568851302,0.6156456096213541
52584.0,WR,innovation,10.0,12.0,0.45454545454545453,5,0.25713062640640744,0.6597936907197254
52584.0,WR,separation,14.0,8.0,0.6363636363636364,6,0.4303245170958757,0.8189283744598268
52585.0,DB,reaction,5.0,7.0,0.4166666666666667,4,0.16748809406370713,0.6920952849883228
52594.0,DB,coverage,5.0,9.0,0.35714285714285715,4,0.13857933889016064,0.6142616617507044
52594.0,DB,reaction,46.0,19.0,0.7076923076923077,7,0.5923997036779675,0.8108826297632739
52595.0,WR,anticipation,5.0,8.0,0.38461538461538464,4,0.15165222980843013,0.6511244935811844
52595.0,WR,execution,8.0,5.0,0.6153846153846154,6,0.34887550641881554,0.8483477701915698
52595.0,WR,eyes,6.0,7.0,0.46153846153846156,5,0.21094463823929666,0.7233303143178942
52595.0,WR,innovation,6.0,7.0,0.46153846153846156,5,0.21094463823929666,0.7233303143178942
52595.0,WR,separation,8.0,5.0,0.6153846153846154,6,0.34887550641881554,0.8483477701915698
52607.0,DB,coverage,5.0,6.0,0.45454545454545453,5,0.18708602844739855,0.7376219233930549
52607.0,DB,reaction,29.0,17.0,0.6304347826086957,6,0.48780100514814595,0.7623217552722018
52608.0,WR,anticipation,5.0,7.0,0.4166666666666667,4,0.16748809406370713,0.6920952849883228
52608.0,WR,execution,7.0,5.0,0.5833333333333334,6,0.30790471501167715,0.8325119059362929
52608.0,WR,eyes,6.0,6.0,0.5,5,0.23379359765934515,0.7662064023406548
52608.0,WR,innovation,6.0,6.0,0.5,5,0.23379359765934515,0.7662064023406548
52608.0,WR,separation,7.0,5.0,0.5833333333333334,6,0.30790471501167715,0.8325119059362929
52613.0,DB,coverage,5.0,10.0,0.3333333333333333,3,0.1275984298591596,0.5810352571836608
52613.0,DB,reaction,20.0,22.0,0.47619047619047616,5,0.3287790357712738,0.6257515716862507
52615.0,WR,anticipation,5.0,13.0,0.2777777777777778,3,0.10313551437032001,0.4989932732045801
52615.0,WR,execution,13.0,5.0,0.7222222222222222,7,0.5010067267954198,0.89686448562968
52615.0,WR,eyes,7.0,11.0,0.3888888888888889,4,0.18443696178394667,0.6167163365565971
52615.0,WR,innovation,10.0,8.0,0.5555555555555556,6,0.32924715394675735,0.7701673127340096
52615.0,WR,separation,9.0,9.0,0.5,5,0.27811830033110657,0.7218816996688935
52624.0,DB,coverage,5.0,14.0,0.2631578947368421,3,0.09694921252555934,0.4763727657364801
52624.0,DB,reaction,22.0,31.0,0.41509433962264153,4,0.28727760575688366,0.5489842296984488
52625.0,WR,anticipation,6.0,8.0,0.42857142857142855,4,0.19223244180128798,0.6842223970859369
52625.0,WR,execution,9.0,5.0,0.6428571428571429,6,0.3857383382492956,0.8614206611098394
52625.0,WR,eyes,7.0,7.0,0.5,5,0.25134548227030357,0.7486545177296964
52625.0,WR,innovation,6.0,8.0,0.42857142857142855,4,0.19223244180128798,0.6842223970859369
52625.0,WR,separation,8.0,6.0,0.5714285714285714,6,0.31577760291406304,0.807767558198712
52627.0,DB,coverage,5.0,9.0,0.35714285714285715,4,0.13857933889016064,0.6142616617507044
52627.0,DB,reaction,26.0,34.0,0.43333333333333335,4,0.31155100240672307,0.5593279631720551
52637.0,DB,reaction,5.0,7.0,0.4166666666666667,4,0.16748809406370713,0.6920952849883228
52641.0,DB,reaction,5.0,6.0,0.45454545454545453,5,0.18708602844739855,0.7376219233930549
52647.0,DB,reaction,6.0,5.0,0.5454545454545454,5,0.26237807660694507,0.8129139715526015
52762.0,WR,anticipation,5.0,6.0,0.45454545454545453,5,0.18708602844739855,0.7376219233930549
52762.0,WR,execution,6.0,5.0,0.5454545454545454,5,0.26237807660694507,0.8129139715526015
52762.0,WR,eyes,6.0,5.0,0.5454545454545454,5,0.26237807660694507,0.8129139715526015
52762.0,WR,innovation,6.0,5.0,0.5454545454545454,5,0.26237807660694507,0.8129139715526015
52762.0,WR,separation,6.0,5.0,0.5454545454545454,5,0.26237807660694507,0.8129139715526015
52764.0,DB,coverage,5.0,10.0,0.3333333333333333,3,0.1275984298591596,0.5810352571836608
52764.0,DB,reaction,15.0,27.0,0.35714285714285715,4,0.2212278620610653,0.5059474736057332
52835.0,DB,coverage,5.0,9.0,0.35714285714285715,4,0.13857933889016064,0.6142616617507044
52835.0,DB,reaction,10.0,15.0,0.4,4,0.22109690534667853,0.594063615992056
52844.0,DB,coverage,5.0,6.0,0.45454545454545453,5,0.18708602844739855,0.7376219233930549
52844.0,DB,reaction,9.0,19.0,0.32142857142857145,3,0.16518817968731567,0.5018136663700014
52858.0,WR,anticipation,5.0,6.0,0.45454545454545453,5,0.18708602844739855,0.7376219233930549
52858.0,WR,execution,6.0,5.0,0.5454545454545454,5,0.26237807660694507,0.8129139715526015
52858.0,WR,eyes,5.0,6.0,0.45454545454545453,5,0.18708602844739855,0.7376219233930549
52858.0,WR,innovation,5.0,6.0,0.45454545454545453,5,0.18708602844739855,0.7376219233930549
52858.0,WR,separation,5.0,6.0,0.45454545454545453,5,0.18708602844739855,0.7376219233930549
52863.0,DB,coverage,5.0,7.0,0.4166666666666667,4,0.16748809406370713,0.6920952849883228
52863.0,DB,reaction,14.0,22.0,0.3888888888888889,4,0.2387081104533416,0.5507688358126773
52897.0,DB,reaction,6.0,12.0,0.3333333333333333,3,0.14209748311022094,0.5595827187543372
52904.0,DB,reaction,7.0,5.0,0.5833333333333334,6,0.30790471501167715,0.8325119059362929
52922.0,WR,anticipation,7.0,6.0,0.5384615384615384,5,0.2766696856821058,0.7890553617607033
52922.0,WR,execution,8.0,5.0,0.6153846153846154,6,0.34887550641881554,0.8483477701915698
52922.0,WR,eyes,7.0,6.0,0.5384615384615384,5,0.2766696856821058,0.7890553617607033
52922.0,WR,innovation,5.0,8.0,0.38461538461538464,4,0.15165222980843013,0.6511244935811844
52922.0,WR,separation,8.0,5.0,0.6153846153846154,6,0.34887550641881554,0.8483477701915698
52942.0,WR,anticipation,8.0,8.0,0.5,5,0.26586134727739663,0.7341386527226034
52942.0,WR,execution,11.0,5.0,0.6875,7,0.4489967589630295,0.881758896633119
52942.0,WR,eyes,7.0,9.0,0.4375,4,0.21266672951930787,0.6771302337937184
52942.0,WR,innovation,9.0,7.0,0.5625,6,0.3228697662062816,0.7873332704806921
52942.0,WR,separation,11.0,5.0,0.6875,7,0.4489967589630295,0.881758896633119
52991.0,DB,coverage,5.0,14.0,0.2631578947368421,3,0.09694921252555934,0.4763727657364801
52991.0,DB,reaction,25.0,27.0,0.4807692307692308,5,0.3475279629951143,0.6154127369372966
53047.0,WR,anticipation,6.0,6.0,0.5,5,0.23379359765934515,0.7662064023406548
53047.0,WR,execution,7.0,5.0,0.5833333333333334,6,0.30790471501167715,0.8325119059362929
53047.0,WR,eyes,6.0,6.0,0.5,5,0.23379359765934515,0.7662064023406548
53047.0,WR,innovation,6.0,6.0,0.5,5,0.23379359765934515,0.7662064023406548
53047.0,WR,separation,7.0,5.0,0.5833333333333334,6,0.30790471501167715,0.8325119059362929
53053.0,DB,reaction,5.0,6.0,0.45454545454545453,5,0.18708602844739855,0.7376219233930549
53074.0,WR,anticipation,6.0,14.0,0.3,3,0.1257606358729833,0.5120293453458726
53074.0,WR,execution,15.0,5.0,0.75,8,0.5443469181084943,0.9085342150923335
53074.0,WR,eyes,9.0,11.0,0.45,4,0.24447468946619608,0.6650021559882646
53074.0,WR,innovation,12.0,8.0,0.6,6,0.38357792331440527,0.7974785610228372
53074.0,WR,separation,14.0,6.0,0.7,7,0.48797065465412726,0.8742393641270166
53079.0,WR,anticipation,5.0,6.0,0.45454545454545453,5,0.18708602844739855,0.7376219233930549
53079.0,WR,execution,6.0,5.0,0.5454545454545454,5,0.26237807660694507,0.8129139715526015
53079.0,WR,eyes,5.0,6.0,0.45454545454545453,5,0.18708602844739855,0.7376219233930549
53079.0,WR,innovation,5.0,6.0,0.45454545454545453,5,0.18708602844739855,0.7376219233930549
53079.0,WR,separation,6.0,5.0,0.5454545454545454,5,0.26237807660694507,0.8129139715526015
53117.0,WR,anticipation,5.0,8.0,0.38461538461538464,4,0.15165222980843013,0.6511244935811844
53117.0,WR,execution,8.0,5.0,0.6153846153846154,6,0.34887550641881554,0.8483477701915698
53117.0,WR,eyes,6.0,7.0,0.46153846153846156,5,0.21094463823929666,0.7233303143178942
53117.0,WR,innovation,5.0,8.0,0.38461538461538464,4,0.15165222980843013,0.6511244935811844
53117.0,WR,separation,7.0,6.0,0.5384615384615384,5,0.2766696856821058,0.7890553617607033
53187.0,DB,reaction,5.0,9.0,0.35714285714285715,4,0.13857933889016064,0.6142616617507044
53433.0,WR,anticipation,6.0,11.0,0.35294117647058826,4,0.15198367508112207,0.5866206364513586
53433.0,WR,execution,12.0,5.0,0.7058823529411765,7,0.4762291801038727,0.8898300452828825
53433.0,WR,eyes,8.0,9.0,0.47058823529411764,5,0.24651011149057533,0.7012231009168222
53433.0,WR,innovation,7.0,10.0,0.4117647058823529,4,0.19753414053266785,0.6456539056979218
53433.0,WR,separation,12.0,5.0,0.7058823529411765,7,0.4762291801038727,0.8898300452828825
53434.0,WR,anticipation,8.0,13.0,0.38095238095238093,4,0.19119006072530717,0.5921885345328282
53434.0,WR,execution,16.0,5.0,0.7619047619047619,8,0.5633859970033317,0.9134285308985653
53434.0,WR,eyes,7.0,14.0,0.3333333333333333,3,0.15390920478454118,0.5427891822762891
53434.0,WR,innovation,7.0,14.0,0.3333333333333333,3,0.15390920478454118,0.5427891822762891
53434.0,WR,separation,13.0,8.0,0.6190476190476191,6,0.40781146546717184,0.8088099392746928
53435.0,WR,anticipation,5.0,14.0,0.2631578947368421,3,0.09694921252555934,0.4763727657364801
53435.0,WR,execution,14.0,5.0,0.7368421052631579,7,0.5236272342635198,0.9030507874744406
53435.0,WR,eyes,8.0,11.0,0.42105263157894735,4,0.21530150738729983,0.6425487941069373
53435.0,WR,innovation,7.0,12.0,0.3684210526315789,4,0.17298585478975181,0.5900747618279255
53435.0,WR,separation,13.0,6.0,0.6842105263157895,7,0.46519803441694385,0.8665725974938765
53437.0,DB,coverage,5.0,6.0,0.45454545454545453,5,0.18708602844739855,0.7376219233930549
53437.0,DB,reaction,7.0,6.0,0.5384615384615384,5,0.2766696856821058,0.7890553617607033
53438.0,DB,coverage,7.0,11.0,0.3888888888888889,4,0.18443696178394667,0.6167163365565971
53438.0,DB,reaction,12.0,45.0,0.21052631578947367,2,0.1159221991199307,0.32433298592411425
53439.0,WR,anticipation,5.0,18.0,0.21739130434782608,2,0.07820626035189253,0.40284578307787133
53439.0,WR,execution,18.0,5.0,0.782608695652174,8,0.5971542169221287,0.9217937396481075
53439.0,WR,eyes,9.0,14.0,0.391304347826087,4,0.2070931229971492,0.5934233311743533
53439.0,WR,innovation,12.0,11.0,0.5217391304347826,5,0.3221047545531717,0.717789479061907
53439.0,WR,separation,15.0,8.0,0.6521739130434783,7,0.4512755724262295,0.8280205623536676
53445.0,DB,reaction,6.0,9.0,0.4,4,0.1766110899821179,0.6486198893840083
53447.0,DB,reaction,5.0,7.0,0.4166666666666667,4,0.16748809406370713,0.6920952849883228
53448.0,DB,coverage,5.0,9.0,0.35714285714285715,4,0.13857933889016064,0.6142616617507044
53448.0,DB,reaction,9.0,22.0,0.2903225806451613,3,0.14734518475470101,0.45889365139475125
53449.0,WR,anticipation,6.0,9.0,0.4,4,0.1766110899821179,0.6486198893840083
53449.0,WR,execution,10.0,5.0,0.6666666666666666,7,0.4189647428163391,0.8724015701408404
53449.0,WR,eyes,6.0,9.0,0.4,4,0.1766110899821179,0.6486198893840083
53449.0,WR,innovation,7.0,8.0,0.4666666666666667,5,0.23036054144806237,0.7113905999616925
53449.0,WR,separation,9.0,6.0,0.6,6,0.3513801106159917,0.8233889100178821
53450.0,DB,reaction,5.0,6.0,0.45454545454545453,5,0.18708602844739855,0.7376219233930549
53453.0,WR,anticipation,6.0,7.0,0.46153846153846156,5,0.21094463823929666,0.7233303143178942
53453.0,WR,execution,8.0,5.0,0.6153846153846154,6,0.34887550641881554,0.8483477701915698
53453.0,WR,eyes,7.0,6.0,0.5384615384615384,5,0.2766696856821058,0.7890553617607033
53453.0,WR,innovation,7.0,6.0,0.5384615384615384,5,0.2766696856821058,0.7890553617607033
53453.0,WR,separation,7.0,6.0,0.5384615384615384,5,0.2766696856821058,0.7890553617607033
53454.0,WR,anticipation,5.0,9.0,0.35714285714285715,4,0.13857933889016064,0.6142616617507044
53454.0,WR,execution,9.0,5.0,0.6428571428571429,6,0.3857383382492956,0.8614206611098394
53454.0,WR,eyes,6.0,8.0,0.42857142857142855,4,0.19223244180128798,0.6842223970859369
53454.0,WR,innovation,5.0,9.0,0.35714285714285715,4,0.13857933889016064,0.6142616617507044
53454.0,WR,separation,6.0,8.0,0.42857142857142855,4,0.19223244180128798,0.6842223970859369
53455.0,DB,coverage,6.0,10.0,0.375,4,0.16336432385951347,0.6161962674588458
53455.0,DB,reaction,13.0,33.0,0.2826086956521739,3,0.16366256044568112,0.4194467047420177
53456.0,WR,anticipation,6.0,9.0,0.4,4,0.1766110899821179,0.6486198893840083
53456.0,WR,execution,10.0,5.0,0.6666666666666666,7,0.4189647428163391,0.8724015701408404
53456.0,WR,eyes,7.0,8.0,0.4666666666666667,5,0.23036054144806237,0.7113905999616925
53456.0,WR,innovation,8.0,7.0,0.5333333333333333,5,0.28860940003830743,0.7696394585519376
53456.0,WR,separation,10.0,5.0,0.6666666666666666,7,0.4189647428163391,0.8724015701408404
53460.0,DB,reaction,5.0,7.0,0.4166666666666667,4,0.16748809406370713,0.6920952849883228
53461.0,DB,coverage,5.0,6.0,0.45454545454545453,5,0.18708602844739855,0.7376219233930549
53461.0,DB,reaction,9.0,9.0,0.5,5,0.27811830033110657,0.7218816996688935
53462.0,DB,coverage,6.0,11.0,0.35294117647058826,4,0.15198367508112207,0.5866206364513586
53462.0,DB,reaction,30.0,44.0,0.40540540540540543,4,0.2970575979333609,0.518598569923016
53463.0,WR,anticipation,6.0,17.0,0.2608695652173913,3,0.10728924837039697,0.45370362366212197
53463.0,WR,execution,18.0,5.0,0.782608695652174,8,0.5971542169221287,0.9217937396481075
53463.0,WR,eyes,8.0,15.0,0.34782608695652173,3,0.1719794376463324,0.5487244275737704
53463.0,WR,innovation,12.0,11.0,0.5217391304347826,5,0.3221047545531717,0.717789479061907
53463.0,WR,separation,15.0,8.0,0.6521739130434783,7,0.4512755724262295,0.8280205623536676
53464.0,WR,anticipation,5.0,12.0,0.29411764705882354,3,0.11016995471711757,0.5237708198961273
53464.0,WR,execution,12.0,5.0,0.7058823529411765,7,0.4762291801038727,0.8898300452828825
53464.0,WR,eyes,8.0,9.0,0.47058823529411764,5,0.24651011149057533,0.7012231009168222
53464.0,WR,innovation,7.0,10.0,0.4117647058823529,4,0.19753414053266785,0.6456539056979218
53464.0,WR,separation,7.0,10.0,0.4117647058823529,4,0.19753414053266785,0.6456539056979218
53465.0,DB,coverage,5.0,10.0,0.3333333333333333,3,0.1275984298591596,0.5810352571836608
53465.0,DB,reaction,37.0,26.0,0.5873015873015873,6,0.4644966101422716,0.7048535718445066
53469.0,DB,coverage,5.0,7.0,0.4166666666666667,4,0.16748809406370713,0.6920952849883228
53469.0,DB,reaction,24.0,32.0,0.42857142857142855,4,0.3030368752777048,0.5589415894230065
53470.0,DB,reaction,5.0,6.0,0.45454545454545453,5,0.18708602844739855,0.7376219233930549
53472.0,DB,coverage,5.0,9.0,0.35714285714285715,4,0.13857933889016064,0.6142616617507044
53472.0,DB,reaction,30.0,33.0,0.47619047619047616,5,0.3549727568274603,0.5988410313264712
53476.0,DB,coverage,6.0,10.0,0.375,4,0.16336432385951347,0.6161962674588458
53476.0,DB,reaction,19.0,39.0,0.3275862068965517,3,0.21400530673067272,0.45242984178877144
53478.0,WR,anticipation,6.0,6.0,0.5,5,0.23379359765934515,0.7662064023406548
53478.0,WR,execution,7.0,5.0,0.5833333333333334,6,0.30790471501167715,0.8325119059362929
53478.0,WR,eyes,5.0,7.0,0.4166666666666667,4,0.16748809406370713,0.6920952849883228
53478.0,WR,innovation,5.0,7.0,0.4166666666666667,4,0.16748809406370713,0.6920952849883228
53478.0,WR,separation,6.0,6.0,0.5,5,0.23379359765934515,0.7662064023406548
53481.0,DB,coverage,5.0,8.0,0.38461538461538464,4,0.15165222980843013,0.6511244935811844
53481.0,DB,reaction,9.0,23.0,0.28125,3,0.14222852909752504,0.4461339343348965
53484.0,WR,anticipation,6.0,7.0,0.46153846153846156,5,0.21094463823929666,0.7233303143178942
53484.0,WR,execution,8.0,5.0,0.6153846153846154,6,0.34887550641881554,0.8483477701915698
53484.0,WR,eyes,7.0,6.0,0.5384615384615384,5,0.2766696856821058,0.7890553617607033
53484.0,WR,innovation,7.0,6.0,0.5384615384615384,5,0.2766696856821058,0.7890553617607033
53484.0,WR,separation,6.0,7.0,0.46153846153846156,5,0.21094463823929666,0.7233303143178942
53486.0,WR,anticipation,14.0,12.0,0.5384615384615384,5,0.34928163399133577,0.7220319903300534
53486.0,WR,execution,21.0,5.0,0.8076923076923077,8,0.6391715455407279,0.931688535987516
53486.0,WR,eyes,14.0,12.0,0.5384615384615384,5,0.34928163399133577,0.7220319903300534
53486.0,WR,innovation,10.0,16.0,0.38461538461538464,4,0.211254806465142,0.5747936504461505
53486.0,WR,separation,21.0,5.0,0.8076923076923077,8,0.6391715455407279,0.931688535987516
53487.0,DB,coverage,5.0,10.0,0.3333333333333333,3,0.1275984298591596,0.5810352571836608
53487.0,DB,reaction,22.0,26.0,0.4583333333333333,5,0.3211152685157395,0.5988427704346428
53488.0,WR,anticipation,5.0,11.0,0.3125,3,0.11824110336688094,0.5510032410369705
53488.0,WR,execution,11.0,5.0,0.6875,7,0.4489967589630295,0.881758896633119
53488.0,WR,eyes,6.0,10.0,0.375,4,0.16336432385951347,0.6161962674588458
53488.0,WR,innovation,6.0,10.0,0.375,4,0.16336432385951347,0.6161962674588458
53488.0,WR,separation,8.0,8.0,0.5,5,0.26586134727739663,0.7341386527226034
53489.0,DB,coverage,6.0,12.0,0.3333333333333333,3,0.14209748311022094,0.5595827187543372
53489.0,DB,reaction,7.0,43.0,0.14,1,0.05942150569031297,0.24769296835968285
53494.0,DB,coverage,6.0,8.0,0.42857142857142855,4,0.19223244180128798,0.6842223970859369
53494.0,DB,reaction,53.0,17.0,0.7571428571428571,8,0.6509305192888537,0.8494503460016416
53503.0,DB,coverage,5.0,10.0,0.3333333333333333,3,0.1275984298591596,0.5810352571836608
53503.0,DB,reaction,18.0,36.0,0.3333333333333333,3,0.2151996379474629,0.4631612287715606
53505.0,DB,coverage,9.0,9.0,0.5,5,0.27811830033110657,0.7218816996688935
53505.0,DB,reaction,22.0,40.0,0.3548387096774194,4,0.2416016673219448,0.47694848448187627
53506.0,WR,anticipation,5.0,10.0,0.3333333333333333,3,0.1275984298591596,0.5810352571836608
53506.0,WR,execution,10.0,5.0,0.6666666666666666,7,0.4189647428163391,0.8724015701408404
53506.0,WR,eyes,5.0,10.0,0.3333333333333333,3,0.1275984298591596,0.5810352571836608
53506.0,WR,innovation,9.0,6.0,0.6,6,0.3513801106159917,0.8233889100178821
53506.0,WR,separation,9.0,6.0,0.6,6,0.3513801106159917,0.8233889100178821
53509.0,DB,coverage,5.0,10.0,0.3333333333333333,3,0.1275984298591596,0.5810352571836608
53509.0,DB,reaction,13.0,41.0,0.24074074074074073,2,0.13755117555231638,0.36209592316301525
53511.0,WR,anticipation,6.0,7.0,0.46153846153846156,5,0.21094463823929666,0.7233303143178942
53511.0,WR,execution,8.0,5.0,0.6153846153846154,6,0.34887550641881554,0.8483477701915698
53511.0,WR,eyes,6.0,7.0,0.46153846153846156,5,0.21094463823929666,0.7233303143178942
53511.0,WR,innovation,7.0,6.0,0.5384615384615384,5,0.2766696856821058,0.7890553617607033
53511.0,WR,separation,8.0,5.0,0.6153846153846154,6,0.34887550641881554,0.8483477701915698
53518.0,WR,anticipation,6.0,19.0,0.24,2,0.097730409474533,0.42151284363725267
53518.0,WR,execution,20.0,5.0,0.8,8,0.6261582865113173,0.928681382801945
53518.0,WR,eyes,14.0,11.0,0.56,6,0.36643064565636235,0.7444697980052537
53518.0,WR,innovation,8.0,17.0,0.32,3,0.15630228570913526,0.5109478138578332
53518.0,WR,separation,19.0,6.0,0.76,8,0.5784871563627474,0.902269590525467
53519.0,DB,coverage,5.0,6.0,0.45454545454545453,5,0.18708602844739855,0.7376219233930549
53519.0,DB,reaction,5.0,9.0,0.35714285714285715,4,0.13857933889016064,0.6142616617507044
53529.0,DB,coverage,5.0,7.0,0.4166666666666667,4,0.16748809406370713,0.6920952849883228
53529.0,DB,reaction,31.0,23.0,0.5740740740740741,6,0.4413398117812452,0.7016078795124479
53531.0,DB,coverage,5.0,10.0,0.3333333333333333,3,0.1275984298591596,0.5810352571836608
53531.0,DB,reaction,13.0,26.0,0.3333333333333333,3,0.19632909294904966,0.4865270544060217
53532.0,DB,coverage,5.0,7.0,0.4166666666666667,4,0.16748809406370713,0.6920952849883228
53532.0,DB,reaction,17.0,22.0,0.4358974358974359,4,0.2862414990005962,0.5917855458800948
53533.0,DB,coverage,6.0,12.0,0.3333333333333333,3,0.14209748311022094,0.5595827187543372
53533.0,DB,reaction,21.0,48.0,0.30434782608695654,3,0.20236347599741294,0.41707360530902904
53536.0,WR,anticipation,5.0,9.0,0.35714285714285715,4,0.13857933889016064,0.6142616617507044
53536.0,WR,execution,9.0,5.0,0.6428571428571429,6,0.3857383382492956,0.8614206611098394
53536.0,WR,eyes,7.0,7.0,0.5,5,0.25134548227030357,0.7486545177296964
53536.0,WR,innovation,9.0,5.0,0.6428571428571429,6,0.3857383382492956,0.8614206611098394
53536.0,WR,separation,7.0,7.0,0.5,5,0.25134548227030357,0.7486545177296964
53540.0,DB,coverage,5.0,6.0,0.45454545454545453,5,0.18708602844739855,0.7376219233930549
53540.0,DB,reaction,5.0,6.0,0.45454545454545453,5,0.18708602844739855,0.7376219233930549
53541.0,WR,anticipation,5.0,18.0,0.21739130434782608,2,0.07820626035189253,0.40284578307787133
53541.0,WR,execution,18.0,5.0,0.782608695652174,8,0.5971542169221287,0.9217937396481075
53541.0,WR,eyes,8.0,15.0,0.34782608695652173,3,0.1719794376463324,0.5487244275737704
53541.0,WR,innovation,11.0,12.0,0.4782608695652174,5,0.2822105209380929,0.6778952454468283
53541.0,WR,separation,14.0,9.0,0.6086956521739131,6,0.4065766688256466,0.7929068770028508
53542.0,DB,coverage,5.0,7.0,0.4166666666666667,4,0.16748809406370713,0.6920952849883228
53542.0,DB,reaction,7.0,26.0,0.21212121212121213,2,0.09277153228471931,0.3643923098640901
53549.0,WR,anticipation,6.0,9.0,0.4,4,0.1766110899821179,0.6486198893840083
53549.0,WR,execution,10.0,5.0,0.6666666666666666,7,0.4189647428163391,0.8724015701408404
53549.0,WR,eyes,9.0,6.0,0.6,6,0.3513801106159917,0.8233889100178821
53549.0,WR,innovation,7.0,8.0,0.4666666666666667,5,0.23036054144806237,0.7113905999616925
53549.0,WR,separation,7.0,8.0,0.4666666666666667,5,0.23036054144806237,0.7113905999616925
53553.0,WR,anticipation,5.0,9.0,0.35714285714285715,4,0.13857933889016064,0.6142616617507044
53553.0,WR,execution,9.0,5.0,0.6428571428571429,6,0.3857383382492956,0.8614206611098394
53553.0,WR,eyes,5.0,9.0,0.35714285714285715,4,0.13857933889016064,0.6142616617507044
53553.0,WR,innovation,6.0,8.0,0.42857142857142855,4,0.19223244180128798,0.6842223970859369
53553.0,WR,separation,8.0,6.0,0.5714285714285714,6,0.31577760291406304,0.807767558198712
53554.0,DB,coverage,5.0,7.0,0.4166666666666667,4,0.16748809406370713,0.6920952849883228
53554.0,DB,reaction,22.0,31.0,0.41509433962264153,4,0.28727760575688366,0.5489842296984488
53555.0,WR,anticipation,5.0,12.0,0.29411764705882354,3,0.11016995471711757,0.5237708198961273
53555.0,WR,execution,12.0,5.0,0.7058823529411765,7,0.4762291801038727,0.8898300452828825
53555.0,WR,eyes,6.0,11.0,0.35294117647058826,4,0.15198367508112207,0.5866206364513586
53555.0,WR,innovation,6.0,11.0,0.35294117647058826,4,0.15198367508112207,0.5866206364513586
53555.0,WR,separation,10.0,7.0,0.5882352941176471,6,0.35434609430207814,0.8024658594673321
53556.0,WR,anticipation,8.0,10.0,0.4444444444444444,4,0.22983268726599038,0.6707528460532426
53556.0,WR,execution,13.0,5.0,0.7222222222222222,7,0.5010067267954198,0.89686448562968
53556.0,WR,eyes,8.0,10.0,0.4444444444444444,4,0.22983268726599038,0.6707528460532426
53556.0,WR,innovation,7.0,11.0,0.3888888888888889,4,0.18443696178394667,0.6167163365565971
53556.0,WR,separation,11.0,7.0,0.6111111111111112,6,0.3832836634434029,0.8155630382160532
53564.0,DB,reaction,5.0,6.0,0.45454545454545453,5,0.18708602844739855,0.7376219233930549
53565.0,DB,coverage,6.0,18.0,0.25,2,0.10228613391535846,0.4370307262368146
53565.0,DB,reaction,21.0,44.0,0.3230769230769231,3,0.21587199889372471,0.44059436681746184
53566.0,DB,coverage,7.0,13.0,0.35,4,0.16288587215509961,0.5655015688461509
53566.0,DB,reaction,16.0,43.0,0.2711864406779661,3,0.1666249767801531,0.39043166086847503
53575.0,DB,coverage,5.0,7.0,0.4166666666666667,4,0.16748809406370713,0.6920952849883228
53575.0,DB,reaction,6.0,7.0,0.46153846153846156,5,0.21094463823929666,0.7233303143178942
53576.0,WR,anticipation,5.0,7.0,0.4166666666666667,4,0.16748809406370713,0.6920952849883228
53576.0,WR,execution,7.0,5.0,0.5833333333333334,6,0.30790471501167715,0.8325119059362929
53576.0,WR,eyes,5.0,7.0,0.4166666666666667,4,0.16748809406370713,0.6920952849883228
53576.0,WR,innovation,6.0,6.0,0.5,5,0.23379359765934515,0.7662064023406548
53576.0,WR,separation,7.0,5.0,0.5833333333333334,6,0.30790471501167715,0.8325119059362929
53579.0,WR,anticipation,6.0,8.0,0.42857142857142855,4,0.19223244180128798,0.6842223970859369
53579.0,WR,execution,9.0,5.0,0.6428571428571429,6,0.3857383382492956,0.8614206611098394
53579.0,WR,eyes,5.0,9.0,0.35714285714285715,4,0.13857933889016064,0.6142616617507044
53579.0,WR,innovation,7.0,7.0,0.5,5,0.25134548227030357,0.7486545177296964
53579.0,WR,separation,8.0,6.0,0.5714285714285714,6,0.31577760291406304,0.807767558198712
53583.0,DB,coverage,5.0,9.0,0.35714285714285715,4,0.13857933889016064,0.6142616617507044
53583.0,DB,reaction,25.0,29.0,0.46296296296296297,5,0.33302469567889637,0.5955017082732814
53589.0,DB,coverage,5.0,7.0,0.4166666666666667,4,0.16748809406370713,0.6920952849883228
53589.0,DB,reaction,7.0,13.0,0.35,4,0.16288587215509961,0.5655015688461509
53591.0,WR,anticipation,7.0,11.0,0.3888888888888889,4,0.18443696178394667,0.6167163365565971
53591.0,WR,execution,13.0,5.0,0.7222222222222222,7,0.5010067267954198,0.89686448562968
53591.0,WR,eyes,8.0,10.0,0.4444444444444444,4,0.22983268726599038,0.6707528460532426
53591.0,WR,innovation,7.0,11.0,0.3888888888888889,4,0.18443696178394667,0.6167163365565971
53591.0,WR,separation,10.0,8.0,0.5555555555555556,6,0.32924715394675735,0.7701673127340096
53592.0,DB,coverage,5.0,6.0,0.45454545454545453,5,0.18708602844739855,0.7376219233930549
53592.0,DB,reaction,21.0,34.0,0.38181818181818183,4,0.25919827223308073,0.5125826070008128
53596.0,DB,coverage,5.0,12.0,0.29411764705882354,3,0.11016995471711757,0.5237708198961273
53596.0,DB,reaction,18.0,42.0,0.3,3,0.19185598821201588,0.4207698113043529
53601.0,DB,coverage,6.0,22.0,0.21428571428571427,2,0.08621693994756671,0.38082987909399446
53601.0,DB,reaction,43.0,41.0,0.5119047619047619,5,0.40564581875575234,0.617626461011128
53604.0,DB,coverage,5.0,10.0,0.3333333333333333,3,0.1275984298591596,0.5810352571836608
53604.0,DB,reaction,35.0,19.0,0.6481481481481481,6,0.5173306935406303,0.7685690531287002
53609.0,DB,coverage,5.0,8.0,0.38461538461538464,4,0.15165222980843013,0.6511244935811844
53609.0,DB,reaction,43.0,48.0,0.4725274725274725,5,0.37132666499780564,0.5748726552550839
53614.0,DB,coverage,6.0,7.0,0.46153846153846156,5,0.21094463823929666,0.7233303143178942
53614.0,DB,reaction,8.0,15.0,0.34782608695652173,3,0.1719794376463324,0.5487244275737704
53629.0,DB,coverage,5.0,7.0,0.4166666666666667,4,0.16748809406370713,0.6920952849883228
53629.0,DB,reaction,7.0,10.0,0.4117647058823529,4,0.19753414053266785,0.6456539056979218
53631.0,WR,anticipation,5.0,6.0,0.45454545454545453,5,0.18708602844739855,0.7376219233930549
53631.0,WR,execution,6.0,5.0,0.5454545454545454,5,0.26237807660694507,0.8129139715526015
53631.0,WR,eyes,5.0,6.0,0.45454545454545453,5,0.18708602844739855,0.7376219233930549
53631.0,WR,innovation,5.0,6.0,0.45454545454545453,5,0.18708602844739855,0.7376219233930549
53631.0,WR,separation,6.0,5.0,0.5454545454545454,5,0.26237807660694507,0.8129139715526015
53639.0,DB,coverage,5.0,6.0,0.45454545454545453,5,0.18708602844739855,0.7376219233930549
53639.0,DB,reaction,5.0,7.0,0.4166666666666667,4,0.16748809406370713,0.6920952849883228
53646.0,WR,anticipation,5.0,7.0,0.4166666666666667,4,0.16748809406370713,0.6920952849883228
53646.0,WR,execution,7.0,5.0,0.5833333333333334,6,0.30790471501167715,0.8325119059362929
53646.0,WR,eyes,7.0,5.0,0.5833333333333334,6,0.30790471501167715,0.8325119059362929
53646.0,WR,innovation,6.0,6.0,0.5,5,0.23379359765934515,0.7662064023406548
53646.0,WR,separation,6.0,6.0,0.5,5,0.23379359765934515,0.7662064023406548
53649.0,DB,coverage,5.0,6.0,0.45454545454545453,5,0.18708602844739855,0.7376219233930549
53649.0,DB,reaction,6.0,13.0,0.3157894736842105,3,0.13342740250612353,0.5348019655830561
53656.0,DB,reaction,10.0,10.0,0.5,5,0.2886432479169988,0.7113567520830011
53662.0,WR,anticipation,6.0,5.0,0.5454545454545454,5,0.26237807660694507,0.8129139715526015
53662.0,WR,execution,6.0,5.0,0.5454545454545454,5,0.26237807660694507,0.8129139715526015
53662.0,WR,eyes,5.0,6.0,0.45454545454545453,5,0.18708602844739855,0.7376219233930549
53662.0,WR,innovation,5.0,6.0,0.45454545454545453,5,0.18708602844739855,0.7376219233930549
53662.0,WR,separation,5.0,6.0,0.45454545454545453,5,0.18708602844739855,0.7376219233930549
53668.0,DB,reaction,5.0,10.0,0.3333333333333333,3,0.1275984298591596,0.5810352571836608
53678.0,WR,anticipation,5.0,8.0,0.38461538461538464,4,0.15165222980843013,0.6511244935811844
53678.0,WR,execution,8.0,5.0,0.6153846153846154,6,0.34887550641881554,0.8483477701915698
53678.0,WR,eyes,6.0,7.0,0.46153846153846156,5,0.21094463823929666,0.7233303143178942
53678.0,WR,innovation,7.0,6.0,0.5384615384615384,5,0.2766696856821058,0.7890553617607033
53678.0,WR,separation,7.0,6.0,0.5384615384615384,5,0.2766696856821058,0.7890553617607033
53703.0,WR,anticipation,5.0,10.0,0.3333333333333333,3,0.1275984298591596,0.5810352571836608
53703.0,WR,execution,10.0,5.0,0.6666666666666666,7,0.4189647428163391,0.8724015701408404
53703.0,WR,eyes,5.0,10.0,0.3333333333333333,3,0.1275984298591596,0.5810352571836608
53703.0,WR,innovation,7.0,8.0,0.4666666666666667,5,0.23036054144806237,0.7113905999616925
53703.0,WR,separation,8.0,7.0,0.5333333333333333,5,0.28860940003830743,0.7696394585519376
53819.0,DB,coverage,6.0,14.0,0.3,3,0.1257606358729833,0.5120293453458726
53819.0,DB,reaction,20.0,40.0,0.3333333333333333,3,0.2208116986344201,0.45637998901275956
53854.0,DB,coverage,5.0,6.0,0.45454545454545453,5,0.18708602844739855,0.7376219233930549
53854.0,DB,reaction,7.0,8.0,0.4666666666666667,5,0.23036054144806237,0.7113905999616925
53921.0,DB,reaction,5.0,6.0,0.45454545454545453,5,0.18708602844739855,0.7376219233930549
53953.0,DB,coverage,6.0,18.0,0.25,2,0.10228613391535846,0.4370307262368146
53953.0,DB,reaction,22.0,50.0,0.3055555555555556,3,0.20540857112513145,0.41593312428819273
53959.0,WR,anticipation,5.0,7.0,0.4166666666666667,4,0.16748809406370713,0.6920952849883228
53959.0,WR,execution,7.0,5.0,0.5833333333333334,6,0.30790471501167715,0.8325119059362929
53959.0,WR,eyes,6.0,6.0,0.5,5,0.23379359765934515,0.7662064023406548
53959.0,WR,innovation,6.0,6.0,0.5,5,0.23379359765934515,0.7662064023406548
53959.0,WR,separation,6.0,6.0,0.5,5,0.23379359765934515,0.7662064023406548
54026.0,DB,coverage,5.0,7.0,0.4166666666666667,4,0.16748809406370713,0.6920952849883228
54026.0,DB,reaction,8.0,18.0,0.3076923076923077,3,0.14949542261356955,0.49387682180625553
54466.0,DB,coverage,5.0,7.0,0.4166666666666667,4,0.16748809406370713,0.6920952849883228
54466.0,DB,reaction,5.0,13.0,0.2777777777777778,3,0.10313551437032001,0.4989932732045801
54467.0,DB,reaction,5.0,6.0,0.45454545454545453,5,0.18708602844739855,0.7376219233930549
54468.0,DB,coverage,5.0,7.0,0.4166666666666667,4,0.16748809406370713,0.6920952849883228
54468.0,DB,reaction,11.0,31.0,0.2619047619047619,3,0.14221300334087128,0.40304623662365047
54469.0,DB,coverage,6.0,13.0,0.3157894736842105,3,0.13342740250612353,0.5348019655830561
54469.0,DB,reaction,33.0,38.0,0.4647887323943662,5,0.35087845521567756,0.5805791036849538
54470.0,DB,reaction,8.0,10.0,0.4444444444444444,4,0.22983268726599038,0.6707528460532426
54473.0,WR,anticipation,5.0,13.0,0.2777777777777778,3,0.10313551437032001,0.4989932732045801
54473.0,WR,execution,13.0,5.0,0.7222222222222222,7,0.5010067267954198,0.89686448562968
54473.0,WR,eyes,7.0,11.0,0.3888888888888889,4,0.18443696178394667,0.6167163365565971
54473.0,WR,innovation,8.0,10.0,0.4444444444444444,4,0.22983268726599038,0.6707528460532426
54473.0,WR,separation,10.0,8.0,0.5555555555555556,6,0.32924715394675735,0.7701673127340096
54475.0,WR,anticipation,6.0,15.0,0.2857142857142857,3,0.11893159040572766,0.49104587170795744
54475.0,WR,execution,16.0,5.0,0.7619047619047619,8,0.5633859970033317,0.9134285308985653
54475.0,WR,eyes,11.0,10.0,0.5238095238095238,5,0.31527813304054847,0.7280421504392081
54475.0,WR,innovation,7.0,14.0,0.3333333333333333,3,0.15390920478454118,0.5427891822762891
54475.0,WR,separation,12.0,9.0,0.5714285714285714,6,0.36054258730748967,0.7694221032240758
54476.0,WR,anticipation,9.0,17.0,0.34615384615384615,3,0.17971682058365537,0.5350007174973723
54476.0,WR,execution,21.0,5.0,0.8076923076923077,8,0.6391715455407279,0.931688535987516
54476.0,WR,eyes,8.0,18.0,0.3076923076923077,3,0.14949542261356955,0.49387682180625553
54476.0,WR,innovation,12.0,14.0,0.46153846153846156,5,0.27796800966994656,0.6507183660086642
54476.0,WR,separation,19.0,7.0,0.7307692307692307,7,0.5487119821833135,0.8792833114959333
54479.0,DB,coverage,5.0,9.0,0.35714285714285715,4,0.13857933889016064,0.6142616617507044
54479.0,DB,reaction,40.0,26.0,0.6060606060606061,6,0.4864297327772667,0.7196003581328544
54481.0,WR,anticipation,7.0,12.0,0.3684210526315789,4,0.17298585478975181,0.5900747618279255
54481.0,WR,execution,14.0,5.0,0.7368421052631579,7,0.5236272342635198,0.9030507874744406
54481.0,WR,eyes,6.0,13.0,0.3157894736842105,3,0.13342740250612353,0.5348019655830561
54481.0,WR,innovation,13.0,6.0,0.6842105263157895,7,0.46519803441694385,0.8665725974938765
54481.0,WR,separation,14.0,5.0,0.7368421052631579,7,0.5236272342635198,0.9030507874744406
54483.0,WR,anticipation,5.0,11.0,0.3125,3,0.11824110336688094,0.5510032410369705
54483.0,WR,execution,11.0,5.0,0.6875,7,0.4489967589630295,0.881758896633119
54483.0,WR,eyes,8.0,8.0,0.5,5,0.26586134727739663,0.7341386527226034
54483.0,WR,innovation,7.0,9.0,0.4375,4,0.21266672951930787,0.6771302337937184
54483.0,WR,separation,9.0,7.0,0.5625,6,0.3228697662062816,0.7873332704806921
54486.0,DB,coverage,7.0,14.0,0.3333333333333333,3,0.15390920478454118,0.5427891822762891
54486.0,DB,reaction,22.0,32.0,0.4074074074074074,4,0.28135795701780897,0.5399569465345293
54487.0,DB,coverage,5.0,11.0,0.3125,3,0.11824110336688094,0.5510032410369705
54487.0,DB,reaction,19.0,25.0,0.4318181818181818,4,0.2907811778810645,0.5787304034792482
54492.0,DB,coverage,5.0,14.0,0.2631578947368421,3,0.09694921252555934,0.4763727657364801
54492.0,DB,reaction,24.0,40.0,0.375,4,0.2614513102471426,0.4959512220049514
54495.0,DB,reaction,5.0,10.0,0.3333333333333333,3,0.1275984298591596,0.5810352571836608
54496.0,DB,coverage,5.0,10.0,0.3333333333333333,3,0.1275984298591596,0.5810352571836608
54496.0,DB,reaction,39.0,16.0,0.7090909090909091,7,0.5835649881631537,0.8202196254887402
54500.0,DB,coverage,8.0,12.0,0.4,4,0.2025214389771628,0.6164220766855947
54500.0,DB,reaction,16.0,43.0,0.2711864406779661,3,0.1666249767801531,0.39043166086847503
54501.0,WR,anticipation,5.0,6.0,0.45454545454545453,5,0.18708602844739855,0.7376219233930549
54501.0,WR,execution,6.0,5.0,0.5454545454545454,5,0.26237807660694507,0.8129139715526015
54501.0,WR,eyes,5.0,6.0,0.45454545454545453,5,0.18708602844739855,0.7376219233930549
54501.0,WR,innovation,6.0,5.0,0.5454545454545454,5,0.26237807660694507,0.8129139715526015
54501.0,WR,separation,5.0,6.0,0.45454545454545453,5,0.18708602844739855,0.7376219233930549
54502.0,DB,coverage,5.0,6.0,0.45454545454545453,5,0.18708602844739855,0.7376219233930549
54502.0,DB,reaction,7.0,8.0,0.4666666666666667,5,0.23036054144806237,0.7113905999616925
54503.0,DB,coverage,5.0,7.0,0.4166666666666667,4,0.16748809406370713,0.6920952849883228
54503.0,DB,reaction,5.0,12.0,0.29411764705882354,3,0.11016995471711757,0.5237708198961273
54504.0,DB,coverage,5.0,7.0,0.4166666666666667,4,0.16748809406370713,0.6920952849883228
54504.0,DB,reaction,9.0,14.0,0.391304347826087,4,0.2070931229971492,0.5934233311743533
54506.0,WR,anticipation,6.0,7.0,0.46153846153846156,5,0.21094463823929666,0.7233303143178942
54506.0,WR,execution,8.0,5.0,0.6153846153846154,6,0.34887550641881554,0.8483477701915698
54506.0,WR,eyes,6.0,7.0,0.46153846153846156,5,0.21094463823929666,0.7233303143178942
54506.0,WR,innovation,5.0,8.0,0.38461538461538464,4,0.15165222980843013,0.6511244935811844
54506.0,WR,separation,7.0,6.0,0.5384615384615384,5,0.2766696856821058,0.7890553617607033
54509.0,WR,anticipation,5.0,6.0,0.45454545454545453,5,0.18708602844739855,0.7376219233930549
54509.0,WR,execution,6.0,5.0,0.5454545454545454,5,0.26237807660694507,0.8129139715526015
54509.0,WR,eyes,5.0,6.0,0.45454545454545453,5,0.18708602844739855,0.7376219233930549
54509.0,WR,innovation,5.0,6.0,0.45454545454545453,5,0.18708602844739855,0.7376219233930549
54509.0,WR,separation,6.0,5.0,0.5454545454545454,5,0.26237807660694507,0.8129139715526015
54510.0,DB,reaction,7.0,8.0,0.4666666666666667,5,0.23036054144806237,0.7113905999616925
54511.0,DB,reaction,5.0,6.0,0.45454545454545453,5,0.18708602844739855,0.7376219233930549
54513.0,DB,coverage,5.0,7.0,0.4166666666666667,4,0.16748809406370713,0.6920952849883228
54513.0,DB,reaction,29.0,15.0,0.6590909090909091,7,0.514560231847766,0.78992184299333
54514.0,DB,coverage,6.0,19.0,0.24,2,0.097730409474533,0.42151284363725267
54514.0,DB,reaction,19.0,37.0,0.3392857142857143,3,0.22237487784283297,0.4670710482354148
54517.0,WR,anticipation,6.0,17.0,0.2608695652173913,3,0.10728924837039697,0.45370362366212197
54517.0,WR,execution,18.0,5.0,0.782608695652174,8,0.5971542169221287,0.9217937396481075
54517.0,WR,eyes,10.0,13.0,0.43478260869565216,4,0.2438618659230165,0.6364530382702687
54517.0,WR,innovation,13.0,10.0,0.5652173913043478,6,0.3635469617297312,0.7561381340769835
54517.0,WR,separation,17.0,6.0,0.7391304347826086,7,0.5462963763378781,0.892710751629603
54518.0,WR,anticipation,5.0,10.0,0.3333333333333333,3,0.1275984298591596,0.5810352571836608
54518.0,WR,execution,10.0,5.0,0.6666666666666666,7,0.4189647428163391,0.8724015701408404
54518.0,WR,eyes,7.0,8.0,0.4666666666666667,5,0.23036054144806237,0.7113905999616925
54518.0,WR,innovation,6.0,9.0,0.4,4,0.1766110899821179,0.6486198893840083
54518.0,WR,separation,8.0,7.0,0.5333333333333333,5,0.28860940003830743,0.7696394585519376
54519.0,WR,anticipation,5.0,11.0,0.3125,3,0.11824110336688094,0.5510032410369705
54519.0,WR,execution,11.0,5.0,0.6875,7,0.4489967589630295,0.881758896633119
54519.0,WR,eyes,5.0,11.0,0.3125,3,0.11824110336688094,0.5510032410369705
54519.0,WR,innovation,8.0,8.0,0.5,5,0.26586134727739663,0.7341386527226034
54519.0,WR,separation,10.0,6.0,0.625,6,0.38380373254115413,0.8366356761404865
54520.0,WR,anticipation,7.0,7.0,0.5,5,0.25134548227030357,0.7486545177296964
54520.0,WR,execution,9.0,5.0,0.6428571428571429,6,0.3857383382492956,0.8614206611098394
54520.0,WR,eyes,7.0,7.0,0.5,5,0.25134548227030357,0.7486545177296964
54520.0,WR,innovation,7.0,7.0,0.5,5,0.25134548227030357,0.7486545177296964
54520.0,WR,separation,9.0,5.0,0.6428571428571429,6,0.3857383382492956,0.8614206611098394
54523.0,DB,coverage,5.0,9.0,0.35714285714285715,4,0.13857933889016064,0.6142616617507044
54523.0,DB,reaction,9.0,26.0,0.2571428571428571,3,0.12881739158350816,0.4117078419071668
54525.0,DB,coverage,6.0,11.0,0.35294117647058826,4,0.15198367508112207,0.5866206364513586
54525.0,DB,reaction,15.0,42.0,0.2631578947368421,3,0.15832524844203685,0.38372019088070564
54527.0,DB,coverage,5.0,8.0,0.38461538461538464,4,0.15165222980843013,0.6511244935811844
54527.0,DB,reaction,36.0,23.0,0.6101694915254238,6,0.48371765991337445,0.7295434947971613
54528.0,WR,anticipation,5.0,14.0,0.2631578947368421,3,0.09694921252555934,0.4763727657364801
54528.0,WR,execution,14.0,5.0,0.7368421052631579,7,0.5236272342635198,0.9030507874744406
54528.0,WR,eyes,10.0,9.0,0.5263157894736842,5,0.30757165899875616,0.7398094171049029
54528.0,WR,innovation,10.0,9.0,0.5263157894736842,5,0.30757165899875616,0.7398094171049029
54528.0,WR,separation,11.0,8.0,0.5789473684210527,6,0.3574512058930626,0.7846984926127001
54529.0,DB,reaction,6.0,13.0,0.3157894736842105,3,0.13342740250612353,0.5348019655830561
54531.0,DB,coverage,5.0,7.0,0.4166666666666667,4,0.16748809406370713,0.6920952849883228
54531.0,DB,reaction,7.0,7.0,0.5,5,0.25134548227030357,0.7486545177296964
54533.0,DB,coverage,7.0,7.0,0.5,5,0.25134548227030357,0.7486545177296964
54533.0,DB,reaction,14.0,31.0,0.3111111111111111,3,0.18609883717487,0.45202184808405527
54535.0,DB,reaction,5.0,6.0,0.45454545454545453,5,0.18708602844739855,0.7376219233930549
54540.0,DB,coverage,6.0,8.0,0.42857142857142855,4,0.19223244180128798,0.6842223970859369
54540.0,DB,reaction,6.0,17.0,0.2608695652173913,3,0.10728924837039697,0.45370362366212197
54543.0,DB,reaction,5.0,6.0,0.45454545454545453,5,0.18708602844739855,0.7376219233930549
54544.0,DB,coverage,6.0,5.0,0.5454545454545454,5,0.26237807660694507,0.8129139715526015
54544.0,DB,reaction,13.0,9.0,0.5909090909090909,6,0.3843543903786459,0.7818031431148698
54545.0,WR,anticipation,5.0,7.0,0.4166666666666667,4,0.16748809406370713,0.6920952849883228
54545.0,WR,execution,7.0,5.0,0.5833333333333334,6,0.30790471501167715,0.8325119059362929
54545.0,WR,eyes,7.0,5.0,0.5833333333333334,6,0.30790471501167715,0.8325119059362929
54545.0,WR,innovation,6.0,6.0,0.5,5,0.23379359765934515,0.7662064023406548
54545.0,WR,separation,7.0,5.0,0.5833333333333334,6,0.30790471501167715,0.8325119059362929
54548.0,DB,coverage,5.0,8.0,0.38461538461538464,4,0.15165222980843013,0.6511244935811844
54548.0,DB,reaction,11.0,23.0,0.3235294117647059,3,0.17960513493256014,0.48711069753839337
54550.0,DB,coverage,5.0,6.0,0.45454545454545453,5,0.18708602844739855,0.7376219233930549
54550.0,DB,reaction,10.0,20.0,0.3333333333333333,3,0.17938364923511183,0.50832335380999
54553.0,WR,anticipation,7.0,7.0,0.5,5,0.25134548227030357,0.7486545177296964
54553.0,WR,execution,9.0,5.0,0.6428571428571429,6,0.3857383382492956,0.8614206611098394
54553.0,WR,eyes,6.0,8.0,0.42857142857142855,4,0.19223244180128798,0.6842223970859369
54553.0,WR,innovation,7.0,7.0,0.5,5,0.25134548227030357,0.7486545177296964
54553.0,WR,separation,9.0,5.0,0.6428571428571429,6,0.3857383382492956,0.8614206611098394
54554.0,DB,coverage,5.0,7.0,0.4166666666666667,4,0.16748809406370713,0.6920952849883228
54554.0,DB,reaction,21.0,16.0,0.5675675675675675,6,0.4075652408917765,0.7206458080331524
54556.0,WR,anticipation,5.0,9.0,0.35714285714285715,4,0.13857933889016064,0.6142616617507044
54556.0,WR,execution,9.0,5.0,0.6428571428571429,6,0.3857383382492956,0.8614206611098394
54556.0,WR,eyes,6.0,8.0,0.42857142857142855,4,0.19223244180128798,0.6842223970859369
54556.0,WR,innovation,6.0,8.0,0.42857142857142855,4,0.19223244180128798,0.6842223970859369
54556.0,WR,separation,7.0,7.0,0.5,5,0.25134548227030357,0.7486545177296964
54561.0,DB,reaction,5.0,6.0,0.45454545454545453,5,0.18708602844739855,0.7376219233930549
54562.0,DB,coverage,6.0,8.0,0.42857142857142855,4,0.19223244180128798,0.6842223970859369
54562.0,DB,reaction,39.0,32.0,0.5492957746478874,5,0.4334071696434523,0.6625523019270192
54563.0,WR,anticipation,5.0,6.0,0.45454545454545453,5,0.18708602844739855,0.7376219233930549
54563.0,WR,execution,6.0,5.0,0.5454545454545454,5,0.26237807660694507,0.8129139715526015
54563.0,WR,eyes,6.0,5.0,0.5454545454545454,5,0.26237807660694507,0.8129139715526015
54563.0,WR,innovation,5.0,6.0,0.45454545454545453,5,0.18708602844739855,0.7376219233930549
54563.0,WR,separation,6.0,5.0,0.5454545454545454,5,0.26237807660694507,0.8129139715526015
54564.0,WR,anticipation,5.0,9.0,0.35714285714285715,4,0.13857933889016064,0.6142616617507044
54564.0,WR,execution,9.0,5.0,0.6428571428571429,6,0.3857383382492956,0.8614206611098394
54564.0,WR,eyes,6.0,8.0,0.42857142857142855,4,0.19223244180128798,0.6842223970859369
54564.0,WR,innovation,5.0,9.0,0.35714285714285715,4,0.13857933889016064,0.6142616617507044
54564.0,WR,separation,8.0,6.0,0.5714285714285714,6,0.31577760291406304,0.807767558198712
54568.0,DB,coverage,5.0,6.0,0.45454545454545453,5,0.18708602844739855,0.7376219233930549
54568.0,DB,reaction,8.0,12.0,0.4,4,0.2025214389771628,0.6164220766855947
54571.0,WR,anticipation,6.0,13.0,0.3157894736842105,3,0.13342740250612353,0.5348019655830561
54571.0,WR,execution,14.0,5.0,0.7368421052631579,7,0.5236272342635198,0.9030507874744406
54571.0,WR,eyes,10.0,9.0,0.5263157894736842,5,0.30757165899875616,0.7398094171049029
54571.0,WR,innovation,11.0,8.0,0.5789473684210527,6,0.3574512058930626,0.7846984926127001
54571.0,WR,separation,12.0,7.0,0.631578947368421,6,0.40992523817207444,0.8270141452102482
54572.0,WR,anticipation,5.0,7.0,0.4166666666666667,4,0.16748809406370713,0.6920952849883228
54572.0,WR,execution,7.0,5.0,0.5833333333333334,6,0.30790471501167715,0.8325119059362929
54572.0,WR,eyes,7.0,5.0,0.5833333333333334,6,0.30790471501167715,0.8325119059362929
54572.0,WR,innovation,7.0,5.0,0.5833333333333334,6,0.30790471501167715,0.8325119059362929
54572.0,WR,separation,7.0,5.0,0.5833333333333334,6,0.30790471501167715,0.8325119059362929
54574.0,DB,coverage,5.0,13.0,0.2777777777777778,3,0.10313551437032001,0.4989932732045801
54574.0,DB,reaction,21.0,38.0,0.3559322033898305,4,0.2399208194063017,0.4811973151235634
54577.0,WR,anticipation,5.0,6.0,0.45454545454545453,5,0.18708602844739855,0.7376219233930549
54577.0,WR,execution,6.0,5.0,0.5454545454545454,5,0.26237807660694507,0.8129139715526015
54577.0,WR,eyes,5.0,6.0,0.45454545454545453,5,0.18708602844739855,0.7376219233930549
54577.0,WR,innovation,6.0,5.0,0.5454545454545454,5,0.26237807660694507,0.8129139715526015
54577.0,WR,separation,6.0,5.0,0.5454545454545454,5,0.26237807660694507,0.8129139715526015
54578.0,DB,coverage,6.0,5.0,0.5454545454545454,5,0.26237807660694507,0.8129139715526015
54578.0,DB,reaction,15.0,22.0,0.40540540540540543,4,0.2551410483264677,0.5653619525515745
54579.0,DB,reaction,7.0,7.0,0.5,5,0.25134548227030357,0.7486545177296964
54580.0,DB,coverage,7.0,17.0,0.2916666666666667,3,0.13210287969809986,0.48405197040243814
54580.0,DB,reaction,15.0,42.0,0.2631578947368421,3,0.15832524844203685,0.38372019088070564
54583.0,DB,coverage,5.0,11.0,0.3125,3,0.11824110336688094,0.5510032410369705
54583.0,DB,reaction,9.0,43.0,0.17307692307692307,2,0.08400869980316124,0.2858762867315592
54587.0,WR,anticipation,5.0,6.0,0.45454545454545453,5,0.18708602844739855,0.7376219233930549
54587.0,WR,execution,6.0,5.0,0.5454545454545454,5,0.26237807660694507,0.8129139715526015
54587.0,WR,eyes,5.0,6.0,0.45454545454545453,5,0.18708602844739855,0.7376219233930549
54587.0,WR,innovation,5.0,6.0,0.45454545454545453,5,0.18708602844739855,0.7376219233930549
54587.0,WR,separation,6.0,5.0,0.5454545454545454,5,0.26237807660694507,0.8129139715526015
54590.0,WR,anticipation,5.0,6.0,0.45454545454545453,5,0.18708602844739855,0.7376219233930549
54590.0,WR,execution,6.0,5.0,0.5454545454545454,5,0.26237807660694507,0.8129139715526015
54590.0,WR,eyes,6.0,5.0,0.5454545454545454,5,0.26237807660694507,0.8129139715526015
54590.0,WR,innovation,5.0,6.0,0.45454545454545453,5,0.18708602844739855,0.7376219233930549
54590.0,WR,separation,6.0,5.0,0.5454545454545454,5,0.26237807660694507,0.8129139715526015
54592.0,WR,anticipation,5.0,6.0,0.45454545454545453,5,0.18708602844739855,0.7376219233930549
54592.0,WR,execution,6.0,5.0,0.5454545454545454,5,0.26237807660694507,0.8129139715526015
54592.0,WR,eyes,6.0,5.0,0.5454545454545454,5,0.26237807660694507,0.8129139715526015
54592.0,WR,innovation,6.0,5.0,0.5454545454545454,5,0.26237807660694507,0.8129139715526015
54592.0,WR,separation,6.0,5.0,0.5454545454545454,5,0.26237807660694507,0.8129139715526015
54593.0,WR,anticipation,5.0,6.0,0.45454545454545453,5,0.18708602844739855,0.7376219233930549
54593.0,WR,execution,6.0,5.0,0.5454545454545454,5,0.26237807660694507,0.8129139715526015
54593.0,WR,eyes,5.0,6.0,0.45454545454545453,5,0.18708602844739855,0.7376219233930549
54593.0,WR,innovation,5.0,6.0,0.45454545454545453,5,0.18708602844739855,0.7376219233930549
54593.0,WR,separation,6.0,5.0,0.5454545454545454,5,0.26237807660694507,0.8129139715526015
54594.0,WR,anticipation,5.0,13.0,0.2777777777777778,3,0.10313551437032001,0.4989932732045801
54594.0,WR,execution,13.0,5.0,0.7222222222222222,7,0.5010067267954198,0.89686448562968
54594.0,WR,eyes,7.0,11.0,0.3888888888888889,4,0.18443696178394667,0.6167163365565971
54594.0,WR,innovation,9.0,9.0,0.5,5,0.27811830033110657,0.7218816996688935
54594.0,WR,separation,12.0,6.0,0.6666666666666666,7,0.4404172812456628,0.857902516889779
54597.0,WR,anticipation,5.0,13.0,0.2777777777777778,3,0.10313551437032001,0.4989932732045801
54597.0,WR,execution,13.0,5.0,0.7222222222222222,7,0.5010067267954198,0.89686448562968
54597.0,WR,eyes,9.0,9.0,0.5,5,0.27811830033110657,0.7218816996688935
54597.0,WR,innovation,11.0,7.0,0.6111111111111112,6,0.3832836634434029,0.8155630382160532
54597.0,WR,separation,11.0,7.0,0.6111111111111112,6,0.3832836634434029,0.8155630382160532
54600.0,DB,coverage,6.0,8.0,0.42857142857142855,4,0.19223244180128798,0.6842223970859369
54600.0,DB,reaction,10.0,18.0,0.35714285714285715,4,0.1940071587151351,0.5396072860922572
54603.0,WR,anticipation,6.0,10.0,0.375,4,0.16336432385951347,0.6161962674588458
54603.0,WR,execution,11.0,5.0,0.6875,7,0.4489967589630295,0.881758896633119
54603.0,WR,eyes,7.0,9.0,0.4375,4,0.21266672951930787,0.6771302337937184
54603.0,WR,innovation,7.0,9.0,0.4375,4,0.21266672951930787,0.6771302337937184
54603.0,WR,separation,10.0,6.0,0.625,6,0.38380373254115413,0.8366356761404865
54604.0,WR,anticipation,6.0,6.0,0.5,5,0.23379359765934515,0.7662064023406548
54604.0,WR,execution,7.0,5.0,0.5833333333333334,6,0.30790471501167715,0.8325119059362929
54604.0,WR,eyes,5.0,7.0,0.4166666666666667,4,0.16748809406370713,0.6920952849883228
54604.0,WR,innovation,7.0,5.0,0.5833333333333334,6,0.30790471501167715,0.8325119059362929
54604.0,WR,separation,6.0,6.0,0.5,5,0.23379359765934515,0.7662064023406548
54607.0,DB,coverage,7.0,9.0,0.4375,4,0.21266672951930787,0.6771302337937184
54607.0,DB,reaction,10.0,24.0,0.29411764705882354,3,0.15591660239698577,0.45523842776078177
54608.0,WR,anticipation,5.0,10.0,0.3333333333333333,3,0.1275984298591596,0.5810352571836608
54608.0,WR,execution,10.0,5.0,0.6666666666666666,7,0.4189647428163391,0.8724015701408404
54608.0,WR,eyes,6.0,9.0,0.4,4,0.1766110899821179,0.6486198893840083
54608.0,WR,innovation,7.0,8.0,0.4666666666666667,5,0.23036054144806237,0.7113905999616925
54608.0,WR,separation,8.0,7.0,0.5333333333333333,5,0.28860940003830743,0.7696394585519376
54611.0,DB,coverage,5.0,9.0,0.35714285714285715,4,0.13857933889016064,0.6142616617507044
54611.0,DB,reaction,9.0,24.0,0.2727272727272727,3,0.1374569032955017,0.43404937492224266
54613.0,WR,anticipation,5.0,6.0,0.45454545454545453,5,0.18708602844739855,0.7376219233930549
54613.0,WR,execution,6.0,5.0,0.5454545454545454,5,0.26237807660694507,0.8129139715526015
54613.0,WR,eyes,5.0,6.0,0.45454545454545453,5,0.18708602844739855,0.7376219233930549
54613.0,WR,innovation,5.0,6.0,0.45454545454545453,5,0.18708602844739855,0.7376219233930549
54613.0,WR,separation,6.0,5.0,0.5454545454545454,5,0.26237807660694507,0.8129139715526015
54614.0,WR,anticipation,7.0,6.0,0.5384615384615384,5,0.2766696856821058,0.7890553617607033
54614.0,WR,execution,8.0,5.0,0.6153846153846154,6,0.34887550641881554,0.8483477701915698
54614.0,WR,eyes,5.0,8.0,0.38461538461538464,4,0.15165222980843013,0.6511244935811844
54614.0,WR,innovation,7.0,6.0,0.5384615384615384,5,0.2766696856821058,0.7890553617607033
54614.0,WR,separation,8.0,5.0,0.6153846153846154,6,0.34887550641881554,0.8483477701915698
54616.0,WR,anticipation,5.0,7.0,0.4166666666666667,4,0.16748809406370713,0.6920952849883228
54616.0,WR,execution,7.0,5.0,0.5833333333333334,6,0.30790471501167715,0.8325119059362929
54616.0,WR,eyes,6.0,6.0,0.5,5,0.23379359765934515,0.7662064023406548
54616.0,WR,innovation,5.0,7.0,0.4166666666666667,4,0.16748809406370713,0.6920952849883228
54616.0,WR,separation,7.0,5.0,0.5833333333333334,6,0.30790471501167715,0.8325119059362929
54617.0,DB,reaction,12.0,7.0,0.631578947368421,6,0.40992523817207444,0.8270141452102482
54618.0,DB,coverage,5.0,10.0,0.3333333333333333,3,0.1275984298591596,0.5810352571836608
54618.0,DB,reaction,27.0,21.0,0.5625,6,0.4217847474246197,0.6982784760239995
54621.0,WR,anticipation,5.0,9.0,0.35714285714285715,4,0.13857933889016064,0.6142616617507044
54621.0,WR,execution,9.0,5.0,0.6428571428571429,6,0.3857383382492956,0.8614206611098394
54621.0,WR,eyes,5.0,9.0,0.35714285714285715,4,0.13857933889016064,0.6142616617507044
54621.0,WR,innovation,8.0,6.0,0.5714285714285714,6,0.31577760291406304,0.807767558198712
54621.0,WR,separation,7.0,7.0,0.5,5,0.25134548227030357,0.7486545177296964
54622.0,DB,coverage,5.0,9.0,0.35714285714285715,4,0.13857933889016064,0.6142616617507044
54622.0,DB,reaction,10.0,19.0,0.3448275862068966,3,0.18640666000044545,0.5235164067096185
54629.0,WR,anticipation,7.0,12.0,0.3684210526315789,4,0.17298585478975181,0.5900747618279255
54629.0,WR,execution,14.0,5.0,0.7368421052631579,7,0.5236272342635198,0.9030507874744406
54629.0,WR,eyes,7.0,12.0,0.3684210526315789,4,0.17298585478975181,0.5900747618279255
54629.0,WR,innovation,9.0,10.0,0.47368421052631576,5,0.26019058289509706,0.6924283410012437
54629.0,WR,separation,9.0,10.0,0.47368421052631576,5,0.26019058289509706,0.6924283410012437
54632.0,DB,coverage,6.0,9.0,0.4,4,0.1766110899821179,0.6486198893840083
54632.0,DB,reaction,9.0,32.0,0.21951219512195122,2,0.10839663898407201,0.35647801867923473
54635.0,WR,anticipation,5.0,6.0,0.45454545454545453,5,0.18708602844739855,0.7376219233930549
54635.0,WR,execution,6.0,5.0,0.5454545454545454,5,0.26237807660694507,0.8129139715526015
54635.0,WR,eyes,5.0,6.0,0.45454545454545453,5,0.18708602844739855,0.7376219233930549
54635.0,WR,innovation,5.0,6.0,0.45454545454545453,5,0.18708602844739855,0.7376219233930549
54635.0,WR,separation,6.0,5.0,0.5454545454545454,5,0.26237807660694507,0.8129139715526015
54637.0,DB,reaction,7.0,8.0,0.4666666666666667,5,0.23036054144806237,0.7113905999616925
54639.0,DB,coverage,5.0,6.0,0.45454545454545453,5,0.18708602844739855,0.7376219233930549
54639.0,DB,reaction,5.0,7.0,0.4166666666666667,4,0.16748809406370713,0.6920952849883228
54641.0,DB,coverage,5.0,8.0,0.38461538461538464,4,0.15165222980843013,0.6511244935811844
54641.0,DB,reaction,7.0,20.0,0.25925925925925924,3,0.11573221329150399,0.4364750969413865
54644.0,DB,coverage,5.0,6.0,0.45454545454545453,5,0.18708602844739855,0.7376219233930549
54644.0,DB,reaction,5.0,9.0,0.35714285714285715,4,0.13857933889016064,0.6142616617507044
54650.0,DB,coverage,7.0,9.0,0.4375,4,0.21266672951930787,0.6771302337937184
54650.0,DB,reaction,21.0,21.0,0.5,5,0.3513423938174159,0.6486576061825841
54653.0,DB,coverage,6.0,11.0,0.35294117647058826,4,0.15198367508112207,0.5866206364513586
54653.0,DB,reaction,10.0,16.0,0.38461538461538464,4,0.211254806465142,0.5747936504461505
54657.0,WR,anticipation,6.0,6.0,0.5,5,0.23379359765934515,0.7662064023406548
54657.0,WR,execution,7.0,5.0,0.5833333333333334,6,0.30790471501167715,0.8325119059362929
54657.0,WR,eyes,5.0,7.0,0.4166666666666667,4,0.16748809406370713,0.6920952849883228
54657.0,WR,innovation,5.0,7.0,0.4166666666666667,4,0.16748809406370713,0.6920952849883228
54657.0,WR,separation,7.0,5.0,0.5833333333333334,6,0.30790471501167715,0.8325119059362929
54669.0,DB,coverage,5.0,6.0,0.45454545454545453,5,0.18708602844739855,0.7376219233930549
54669.0,DB,reaction,7.0,9.0,0.4375,4,0.21266672951930787,0.6771302337937184
54673.0,WR,anticipation,5.0,8.0,0.38461538461538464,4,0.15165222980843013,0.6511244935811844
54673.0,WR,execution,8.0,5.0,0.6153846153846154,6,0.34887550641881554,0.8483477701915698
54673.0,WR,eyes,6.0,7.0,0.46153846153846156,5,0.21094463823929666,0.7233303143178942
54673.0,WR,innovation,6.0,7.0,0.46153846153846156,5,0.21094463823929666,0.7233303143178942
54673.0,WR,separation,7.0,6.0,0.5384615384615384,5,0.2766696856821058,0.7890553617607033
54676.0,DB,coverage,6.0,6.0,0.5,5,0.23379359765934515,0.7662064023406548
54676.0,DB,reaction,8.0,9.0,0.47058823529411764,5,0.24651011149057533,0.7012231009168222
54677.0,DB,coverage,7.0,10.0,0.4117647058823529,4,0.19753414053266785,0.6456539056979218
54677.0,DB,reaction,15.0,27.0,0.35714285714285715,4,0.2212278620610653,0.5059474736057332
54679.0,DB,coverage,5.0,10.0,0.3333333333333333,3,0.1275984298591596,0.5810352571836608
54679.0,DB,reaction,13.0,20.0,0.3939393939393939,4,0.23698410055174315,0.5630775449030734
54682.0,DB,coverage,5.0,7.0,0.4166666666666667,4,0.16748809406370713,0.6920952849883228
54682.0,DB,reaction,7.0,10.0,0.4117647058823529,4,0.19753414053266785,0.6456539056979218
54683.0,WR,anticipation,5.0,7.0,0.4166666666666667,4,0.16748809406370713,0.6920952849883228
54683.0,WR,execution,7.0,5.0,0.5833333333333334,6,0.30790471501167715,0.8325119059362929
54683.0,WR,eyes,5.0,7.0,0.4166666666666667,4,0.16748809406370713,0.6920952849883228
54683.0,WR,innovation,5.0,7.0,0.4166666666666667,4,0.16748809406370713,0.6920952849883228
54683.0,WR,separation,7.0,5.0,0.5833333333333334,6,0.30790471501167715,0.8325119059362929
54704.0,DB,reaction,33.0,38.0,0.4647887323943662,5,0.35087845521567756,0.5805791036849538
54708.0,DB,coverage,5.0,7.0,0.4166666666666667,4,0.16748809406370713,0.6920952849883228
54708.0,DB,reaction,7.0,15.0,0.3181818181818182,3,0.1458769423430967,0.5217511182471137
54716.0,WR,anticipation,5.0,8.0,0.38461538461538464,4,0.15165222980843013,0.6511244935811844
54716.0,WR,execution,8.0,5.0,0.6153846153846154,6,0.34887550641881554,0.8483477701915698
54716.0,WR,eyes,7.0,6.0,0.5384615384615384,5,0.2766696856821058,0.7890553617607033
54716.0,WR,innovation,6.0,7.0,0.46153846153846156,5,0.21094463823929666,0.7233303143178942
54716.0,WR,separation,6.0,7.0,0.46153846153846156,5,0.21094463823929666,0.7233303143178942
54718.0,DB,coverage,5.0,6.0,0.45454545454545453,5,0.18708602844739855,0.7376219233930549
54718.0,DB,reaction,21.0,25.0,0.45652173913043476,5,0.3166008229974236,0.6000265035963211
54719.0,DB,reaction,16.0,17.0,0.48484848484848486,5,0.318874964234164,0.6525631907136071
54721.0,DB,reaction,6.0,5.0,0.5454545454545454,5,0.26237807660694507,0.8129139715526015
54723.0,WR,anticipation,5.0,10.0,0.3333333333333333,3,0.1275984298591596,0.5810352571836608
54723.0,WR,execution,10.0,5.0,0.6666666666666666,7,0.4189647428163391,0.8724015701408404
54723.0,WR,eyes,7.0,8.0,0.4666666666666667,5,0.23036054144806237,0.7113905999616925
54723.0,WR,innovation,7.0,8.0,0.4666666666666667,5,0.23036054144806237,0.7113905999616925
54723.0,WR,separation,9.0,6.0,0.6,6,0.3513801106159917,0.8233889100178821
54778.0,DB,coverage,6.0,5.0,0.5454545454545454,5,0.26237807660694507,0.8129139715526015
54778.0,DB,reaction,6.0,5.0,0.5454545454545454,5,0.26237807660694507,0.8129139715526015
54781.0,DB,coverage,5.0,7.0,0.4166666666666667,4,0.16748809406370713,0.6920952849883228
54781.0,DB,reaction,8.0,13.0,0.38095238095238093,4,0.19119006072530717,0.5921885345328282
54807.0,DB,reaction,8.0,6.0,0.5714285714285714,6,0.31577760291406304,0.807767558198712
54808.0,DB,coverage,6.0,7.0,0.46153846153846156,5,0.21094463823929666,0.7233303143178942
54808.0,DB,reaction,30.0,14.0,0.6818181818181818,7,0.5387466942659677,0.8092372479970912
54814.0,DB,coverage,6.0,8.0,0.42857142857142855,4,0.19223244180128798,0.6842223970859369
54814.0,DB,reaction,16.0,22.0,0.42105263157894735,4,0.27097937318129295,0.5790027506268804
54815.0,DB,coverage,6.0,12.0,0.3333333333333333,3,0.14209748311022094,0.5595827187543372
54815.0,DB,reaction,19.0,31.0,0.38,4,0.25197448279077617,0.5171223088306072
54833.0,DB,coverage,5.0,9.0,0.35714285714285715,4,0.13857933889016064,0.6142616617507044
54833.0,DB,reaction,30.0,25.0,0.5454545454545454,5,0.4140003280369198,0.6737753698957205
54885.0,WR,anticipation,5.0,6.0,0.45454545454545453,5,0.18708602844739855,0.7376219233930549
54885.0,WR,execution,6.0,5.0,0.5454545454545454,5,0.26237807660694507,0.8129139715526015
54885.0,WR,eyes,5.0,6.0,0.45454545454545453,5,0.18708602844739855,0.7376219233930549
54885.0,WR,innovation,5.0,6.0,0.45454545454545453,5,0.18708602844739855,0.7376219233930549
54885.0,WR,separation,6.0,5.0,0.5454545454545454,5,0.26237807660694507,0.8129139715526015
54905.0,WR,anticipation,5.0,13.0,0.2777777777777778,3,0.10313551437032001,0.4989932732045801
54905.0,WR,execution,13.0,5.0,0.7222222222222222,7,0.5010067267954198,0.89686448562968
54905.0,WR,eyes,6.0,12.0,0.3333333333333333,3,0.14209748311022094,0.5595827187543372
54905.0,WR,innovation,9.0,9.0,0.5,5,0.27811830033110657,0.7218816996688935
54905.0,WR,separation,10.0,8.0,0.5555555555555556,6,0.32924715394675735,0.7701673127340096
54936.0,DB,coverage,5.0,11.0,0.3125,3,0.11824110336688094,0.5510032410369705
54936.0,DB,reaction,15.0,47.0,0.24193548387096775,2,0.144642721236473,0.3549808292175001
54967.0,WR,anticipation,5.0,10.0,0.3333333333333333,3,0.1275984298591596,0.5810352571836608
54967.0,WR,execution,10.0,5.0,0.6666666666666666,7,0.4189647428163391,0.8724015701408404
54967.0,WR,eyes,6.0,9.0,0.4,4,0.1766110899821179,0.6486198893840083
54967.0,WR,innovation,7.0,8.0,0.4666666666666667,5,0.23036054144806237,0.7113905999616925
54967.0,WR,separation,10.0,5.0,0.6666666666666666,7,0.4189647428163391,0.8724015701408404
54969.0,DB,reaction,5.0,7.0,0.4166666666666667,4,0.16748809406370713,0.6920952849883228
54980.0,DB,coverage,6.0,11.0,0.35294117647058826,4,0.15198367508112207,0.5866206364513586
54980.0,DB,reaction,25.0,46.0,0.352112676056338,4,0.24612272810314387,0.4659959650372437
55061.0,WR,anticipation,5.0,6.0,0.45454545454545453,5,0.18708602844739855,0.7376219233930549
55061.0,WR,execution,6.0,5.0,0.5454545454545454,5,0.26237807660694507,0.8129139715526015
55061.0,WR,eyes,5.0,6.0,0.45454545454545453,5,0.18708602844739855,0.7376219233930549
55061.0,WR,innovation,5.0,6.0,0.45454545454545453,5,0.18708602844739855,0.7376219233930549
55061.0,WR,separation,6.0,5.0,0.5454545454545454,5,0.26237807660694507,0.8129139715526015
55075.0,WR,anticipation,5.0,7.0,0.4166666666666667,4,0.16748809406370713,0.6920952849883228
55075.0,WR,execution,7.0,5.0,0.5833333333333334,6,0.30790471501167715,0.8325119059362929
55075.0,WR,eyes,7.0,5.0,0.5833333333333334,6,0.30790471501167715,0.8325119059362929
55075.0,WR,innovation,6.0,6.0,0.5,5,0.23379359765934515,0.7662064023406548
55075.0,WR,separation,7.0,5.0,0.5833333333333334,6,0.30790471501167715,0.8325119059362929
55081.0,DB,reaction,13.0,11.0,0.5416666666666666,5,0.3449466074523746,0.7318038138244465
55103.0,DB,reaction,5.0,7.0,0.4166666666666667,4,0.16748809406370713,0.6920952849883228
55105.0,DB,reaction,5.0,6.0,0.45454545454545453,5,0.18708602844739855,0.7376219233930549
55133.0,WR,anticipation,7.0,8.0,0.4666666666666667,5,0.23036054144806237,0.7113905999616925
55133.0,WR,execution,10.0,5.0,0.6666666666666666,7,0.4189647428163391,0.8724015701408404
55133.0,WR,eyes,6.0,9.0,0.4,4,0.1766110899821179,0.6486198893840083
55133.0,WR,innovation,7.0,8.0,0.4666666666666667,5,0.23036054144806237,0.7113905999616925
55133.0,WR,separation,9.0,6.0,0.6,6,0.3513801106159917,0.8233889100178821
55137.0,DB,coverage,8.0,20.0,0.2857142857142857,3,0.13752655394057922,0.4628487422761715
55137.0,DB,reaction,25.0,39.0,0.390625,4,0.275691117775061,0.5120366027993091
55145.0,WR,anticipation,5.0,6.0,0.45454545454545453,5,0.18708602844739855,0.7376219233930549
55145.0,WR,execution,6.0,5.0,0.5454545454545454,5,0.26237807660694507,0.8129139715526015
55145.0,WR,eyes,5.0,6.0,0.45454545454545453,5,0.18708602844739855,0.7376219233930549
55145.0,WR,innovation,6.0,5.0,0.5454545454545454,5,0.26237807660694507,0.8129139715526015
55145.0,WR,separation,5.0,6.0,0.45454545454545453,5,0.18708602844739855,0.7376219233930549
55149.0,DB,coverage,5.0,11.0,0.3125,3,0.11824110336688094,0.5510032410369705
55149.0,DB,reaction,7.0,23.0,0.23333333333333334,2,0.10298355077261735,0.3972469492272395
55157.0,WR,anticipation,5.0,6.0,0.45454545454545453,5,0.18708602844739855,0.7376219233930549
55157.0,WR,execution,6.0,5.0,0.5454545454545454,5,0.26237807660694507,0.8129139715526015
55157.0,WR,eyes,5.0,6.0,0.45454545454545453,5,0.18708602844739855,0.7376219233930549
55157.0,WR,innovation,5.0,6.0,0.45454545454545453,5,0.18708602844739855,0.7376219233930549
55157.0,WR,separation,6.0,5.0,0.5454545454545454,5,0.26237807660694507,0.8129139715526015
55166.0,DB,coverage,5.0,6.0,0.45454545454545453,5,0.18708602844739855,0.7376219233930549
55166.0,DB,reaction,13.0,16.0,0.4482758620689655,4,0.27510856029659614,0.628206371387904
55175.0,DB,reaction,6.0,19.0,0.24,2,0.097730409474533,0.42151284363725267
55181.0,DB,coverage,8.0,11.0,0.42105263157894735,4,0.21530150738729983,0.6425487941069373
55181.0,DB,reaction,14.0,23.0,0.3783783783783784,4,0.23142440166214276,0.537790999831836
55184.0,DB,coverage,5.0,7.0,0.4166666666666667,4,0.16748809406370713,0.6920952849883228
55184.0,DB,reaction,10.0,28.0,0.2631578947368421,3,0.1379025844135019,0.4119916924239139
55869.0,DB,coverage,8.0,8.0,0.5,5,0.26586134727739663,0.7341386527226034
55869.0,DB,reaction,19.0,22.0,0.4634146341463415,5,0.31511970663498606,0.6150932054659866
55871.0,DB,coverage,5.0,6.0,0.45454545454545453,5,0.18708602844739855,0.7376219233930549
55871.0,DB,reaction,5.0,6.0,0.45454545454545453,5,0.18708602844739855,0.7376219233930549
55872.0,WR,anticipation,6.0,9.0,0.4,4,0.1766110899821179,0.6486198893840083
55872.0,WR,execution,10.0,5.0,0.6666666666666666,7,0.4189647428163391,0.8724015701408404
55872.0,WR,eyes,7.0,8.0,0.4666666666666667,5,0.23036054144806237,0.7113905999616925
55872.0,WR,innovation,6.0,9.0,0.4,4,0.1766110899821179,0.6486198893840083
55872.0,WR,separation,9.0,6.0,0.6,6,0.3513801106159917,0.8233889100178821
55876.0,WR,anticipation,7.0,13.0,0.35,4,0.16288587215509961,0.5655015688461509
55876.0,WR,execution,15.0,5.0,0.75,8,0.5443469181084943,0.9085342150923335
55876.0,WR,eyes,9.0,11.0,0.45,4,0.24447468946619608,0.6650021559882646
55876.0,WR,innovation,11.0,9.0,0.55,6,0.3349978440117354,0.7555253105338039
55876.0,WR,separation,12.0,8.0,0.6,6,0.38357792331440527,0.7974785610228372
55880.0,DB,coverage,7.0,11.0,0.3888888888888889,4,0.18443696178394667,0.6167163365565971
55880.0,DB,reaction,10.0,30.0,0.25,2,0.1303767992355873,0.3932615406784675
55881.0,DB,coverage,7.0,15.0,0.3181818181818182,3,0.1458769423430967,0.5217511182471137
55881.0,DB,reaction,27.0,34.0,0.4426229508196721,4,0.3212215234633567,0.5675903464453844
55882.0,DB,coverage,5.0,8.0,0.38461538461538464,4,0.15165222980843013,0.6511244935811844
55882.0,DB,reaction,12.0,20.0,0.375,4,0.21849959849856906,0.5463043980493616
55884.0,WR,anticipation,6.0,12.0,0.3333333333333333,3,0.14209748311022094,0.5595827187543372
55884.0,WR,execution,13.0,5.0,0.7222222222222222,7,0.5010067267954198,0.89686448562968
55884.0,WR,eyes,7.0,11.0,0.3888888888888889,4,0.18443696178394667,0.6167163365565971
55884.0,WR,innovation,9.0,9.0,0.5,5,0.27811830033110657,0.7218816996688935
55884.0,WR,separation,11.0,7.0,0.6111111111111112,6,0.3832836634434029,0.8155630382160532
55885.0,WR,anticipation,5.0,9.0,0.35714285714285715,4,0.13857933889016064,0.6142616617507044
55885.0,WR,execution,9.0,5.0,0.6428571428571429,6,0.3857383382492956,0.8614206611098394
55885.0,WR,eyes,5.0,9.0,0.35714285714285715,4,0.13857933889016064,0.6142616617507044
55885.0,WR,innovation,6.0,8.0,0.42857142857142855,4,0.19223244180128798,0.6842223970859369
55885.0,WR,separation,7.0,7.0,0.5,5,0.25134548227030357,0.7486545177296964
55886.0,WR,anticipation,5.0,12.0,0.29411764705882354,3,0.11016995471711757,0.5237708198961273
55886.0,WR,execution,12.0,5.0,0.7058823529411765,7,0.4762291801038727,0.8898300452828825
55886.0,WR,eyes,8.0,9.0,0.47058823529411764,5,0.24651011149057533,0.7012231009168222
55886.0,WR,innovation,6.0,11.0,0.35294117647058826,4,0.15198367508112207,0.5866206364513586
55886.0,WR,separation,10.0,7.0,0.5882352941176471,6,0.35434609430207814,0.8024658594673321
55887.0,WR,anticipation,5.0,15.0,0.25,2,0.09146578490766653,0.45565308189150555
55887.0,WR,execution,15.0,5.0,0.75,8,0.5443469181084943,0.9085342150923335
55887.0,WR,eyes,6.0,14.0,0.3,3,0.1257606358729833,0.5120293453458726
55887.0,WR,innovation,6.0,14.0,0.3,3,0.1257606358729833,0.5120293453458726
55887.0,WR,separation,13.0,7.0,0.65,6,0.43449843115384906,0.8371141278449004
55888.0,DB,coverage,6.0,10.0,0.375,4,0.16336432385951347,0.6161962674588458
55888.0,DB,reaction,19.0,27.0,0.41304347826086957,4,0.27656702824611973,0.5566864875209978
55889.0,WR,anticipation,6.0,14.0,0.3,3,0.1257606358729833,0.5120293453458726
55889.0,WR,execution,15.0,5.0,0.75,8,0.5443469181084943,0.9085342150923335
55889.0,WR,eyes,8.0,12.0,0.4,4,0.2025214389771628,0.6164220766855947
55889.0,WR,innovation,8.0,12.0,0.4,4,0.2025214389771628,0.6164220766855947
55889.0,WR,separation,13.0,7.0,0.65,6,0.43449843115384906,0.8371141278449004
55892.0,DB,reaction,5.0,6.0,0.45454545454545453,5,0.18708602844739855,0.7376219233930549
55894.0,DB,reaction,5.0,6.0,0.45454545454545453,5,0.18708602844739855,0.7376219233930549
55895.0,DB,reaction,5.0,6.0,0.45454545454545453,5,0.18708602844739855,0.7376219233930549
55897.0,DB,coverage,5.0,6.0,0.45454545454545453,5,0.18708602844739855,0.7376219233930549
55897.0,DB,reaction,8.0,14.0,0.36363636363636365,4,0.18107162554017314,0.5696754829041242
55899.0,WR,anticipation,7.0,14.0,0.3333333333333333,3,0.15390920478454118,0.5427891822762891
55899.0,WR,execution,16.0,5.0,0.7619047619047619,8,0.5633859970033317,0.9134285308985653
55899.0,WR,eyes,9.0,12.0,0.42857142857142855,4,0.2305778967759241,0.6394574126925103
55899.0,WR,innovation,9.0,12.0,0.42857142857142855,4,0.2305778967759241,0.6394574126925103
55899.0,WR,separation,13.0,8.0,0.6190476190476191,6,0.40781146546717184,0.8088099392746928
55900.0,WR,anticipation,5.0,6.0,0.45454545454545453,5,0.18708602844739855,0.7376219233930549
55900.0,WR,execution,6.0,5.0,0.5454545454545454,5,0.26237807660694507,0.8129139715526015
55900.0,WR,eyes,6.0,5.0,0.5454545454545454,5,0.26237807660694507,0.8129139715526015
55900.0,WR,innovation,5.0,6.0,0.45454545454545453,5,0.18708602844739855,0.7376219233930549
55900.0,WR,separation,6.0,5.0,0.5454545454545454,5,0.26237807660694507,0.8129139715526015
55902.0,DB,reaction,5.0,9.0,0.35714285714285715,4,0.13857933889016064,0.6142616617507044
55904.0,WR,anticipation,5.0,17.0,0.22727272727272727,2,0.08217587559302258,0.41906604118352797
55904.0,WR,execution,17.0,5.0,0.7727272727272727,8,0.5809339588164719,0.9178241244069774
55904.0,WR,eyes,8.0,14.0,0.36363636363636365,4,0.18107162554017314,0.5696754829041242
55904.0,WR,innovation,7.0,15.0,0.3181818181818182,3,0.1458769423430967,0.5217511182471137
55904.0,WR,separation,9.0,13.0,0.4090909090909091,4,0.2181968568851302,0.6156456096213541
55907.0,WR,anticipation,6.0,11.0,0.35294117647058826,4,0.15198367508112207,0.5866206364513586
55907.0,WR,execution,12.0,5.0,0.7058823529411765,7,0.4762291801038727,0.8898300452828825
55907.0,WR,eyes,8.0,9.0,0.47058823529411764,5,0.24651011149057533,0.7012231009168222
55907.0,WR,innovation,6.0,11.0,0.35294117647058826,4,0.15198367508112207,0.5866206364513586
55907.0,WR,separation,11.0,6.0,0.6470588235294118,6,0.41337936354864135,0.8480163249188779
55910.0,DB,coverage,5.0,14.0,0.2631578947368421,3,0.09694921252555934,0.4763727657364801
55910.0,DB,reaction,16.0,34.0,0.32,3,0.19948533804610205,0.4541524365052458
55915.0,WR,anticipation,8.0,12.0,0.4,4,0.2025214389771628,0.6164220766855947
55915.0,WR,execution,15.0,5.0,0.75,8,0.5443469181084943,0.9085342150923335
55915.0,WR,eyes,9.0,11.0,0.45,4,0.24447468946619608,0.6650021559882646
55915.0,WR,innovation,7.0,13.0,0.35,4,0.16288587215509961,0.5655015688461509
55915.0,WR,separation,15.0,5.0,0.75,8,0.5443469181084943,0.9085342150923335
55917.0,WR,anticipation,5.0,7.0,0.4166666666666667,4,0.16748809406370713,0.6920952849883228
55917.0,WR,execution,7.0,5.0,0.5833333333333334,6,0.30790471501167715,0.8325119059362929
55917.0,WR,eyes,7.0,5.0,0.5833333333333334,6,0.30790471501167715,0.8325119059362929
55917.0,WR,innovation,6.0,6.0,0.5,5,0.23379359765934515,0.7662064023406548
55917.0,WR,separation,7.0,5.0,0.5833333333333334,6,0.30790471501167715,0.8325119059362929
55919.0,DB,reaction,5.0,8.0,0.38461538461538464,4,0.15165222980843013,0.6511244935811844
55920.0,WR,anticipation,6.0,11.0,0.35294117647058826,4,0.15198367508112207,0.5866206364513586
55920.0,WR,execution,12.0,5.0,0.7058823529411765,7,0.4762291801038727,0.8898300452828825
55920.0,WR,eyes,6.0,11.0,0.35294117647058826,4,0.15198367508112207,0.5866206364513586
55920.0,WR,innovation,7.0,10.0,0.4117647058823529,4,0.19753414053266785,0.6456539056979218
55920.0,WR,separation,12.0,5.0,0.7058823529411765,7,0.4762291801038727,0.8898300452828825
55921.0,DB,coverage,8.0,10.0,0.4444444444444444,4,0.22983268726599038,0.6707528460532426
55921.0,DB,reaction,19.0,41.0,0.31666666666666665,3,0.2062465131416956,0.4386625505876219
55923.0,WR,anticipation,5.0,6.0,0.45454545454545453,5,0.18708602844739855,0.7376219233930549
55923.0,WR,execution,6.0,5.0,0.5454545454545454,5,0.26237807660694507,0.8129139715526015
55923.0,WR,eyes,6.0,5.0,0.5454545454545454,5,0.26237807660694507,0.8129139715526015
55923.0,WR,innovation,5.0,6.0,0.45454545454545453,5,0.18708602844739855,0.7376219233930549
55923.0,WR,separation,5.0,6.0,0.45454545454545453,5,0.18708602844739855,0.7376219233930549
55925.0,DB,coverage,7.0,8.0,0.4666666666666667,5,0.23036054144806237,0.7113905999616925
55925.0,DB,reaction,10.0,17.0,0.37037037037037035,4,0.20226024365502038,0.5566719260423902
55928.0,WR,anticipation,5.0,8.0,0.38461538461538464,4,0.15165222980843013,0.6511244935811844
55928.0,WR,execution,8.0,5.0,0.6153846153846154,6,0.34887550641881554,0.8483477701915698
55928.0,WR,eyes,5.0,8.0,0.38461538461538464,4,0.15165222980843013,0.6511244935811844
55928.0,WR,innovation,5.0,8.0,0.38461538461538464,4,0.15165222980843013,0.6511244935811844
55928.0,WR,separation,7.0,6.0,0.5384615384615384,5,0.2766696856821058,0.7890553617607033
55931.0,DB,reaction,7.0,5.0,0.5833333333333334,6,0.30790471501167715,0.8325119059362929
55934.0,WR,anticipation,5.0,18.0,0.21739130434782608,2,0.07820626035189253,0.40284578307787133
55934.0,WR,execution,18.0,5.0,0.782608695652174,8,0.5971542169221287,0.9217937396481075
55934.0,WR,eyes,8.0,15.0,0.34782608695652173,3,0.1719794376463324,0.5487244275737704
55934.0,WR,innovation,9.0,14.0,0.391304347826087,4,0.2070931229971492,0.5934233311743533
55934.0,WR,separation,15.0,8.0,0.6521739130434783,7,0.4512755724262295,0.8280205623536676
55938.0,WR,anticipation,5.0,7.0,0.4166666666666667,4,0.16748809406370713,0.6920952849883228
55938.0,WR,execution,7.0,5.0,0.5833333333333334,6,0.30790471501167715,0.8325119059362929
55938.0,WR,eyes,5.0,7.0,0.4166666666666667,4,0.16748809406370713,0.6920952849883228
55938.0,WR,innovation,5.0,7.0,0.4166666666666667,4,0.16748809406370713,0.6920952849883228
55938.0,WR,separation,7.0,5.0,0.5833333333333334,6,0.30790471501167715,0.8325119059362929
55941.0,DB,coverage,5.0,6.0,0.45454545454545453,5,0.18708602844739855,0.7376219233930549
55941.0,DB,reaction,10.0,10.0,0.5,5,0.2886432479169988,0.7113567520830011
55942.0,DB,coverage,5.0,9.0,0.35714285714285715,4,0.13857933889016064,0.6142616617507044
55942.0,DB,reaction,7.0,13.0,0.35,4,0.16288587215509961,0.5655015688461509
55944.0,WR,anticipation,5.0,13.0,0.2777777777777778,3,0.10313551437032001,0.4989932732045801
55944.0,WR,execution,13.0,5.0,0.7222222222222222,7,0.5010067267954198,0.89686448562968
55944.0,WR,eyes,7.0,11.0,0.3888888888888889,4,0.18443696178394667,0.6167163365565971
55944.0,WR,innovation,9.0,9.0,0.5,5,0.27811830033110657,0.7218816996688935
55944.0,WR,separation,11.0,7.0,0.6111111111111112,6,0.3832836634434029,0.8155630382160532
55946.0,WR,anticipation,5.0,9.0,0.35714285714285715,4,0.13857933889016064,0.6142616617507044
55946.0,WR,execution,9.0,5.0,0.6428571428571429,6,0.3857383382492956,0.8614206611098394
55946.0,WR,eyes,7.0,7.0,0.5,5,0.25134548227030357,0.7486545177296964
55946.0,WR,innovation,7.0,7.0,0.5,5,0.25134548227030357,0.7486545177296964
55946.0,WR,separation,9.0,5.0,0.6428571428571429,6,0.3857383382492956,0.8614206611098394
55947.0,DB,reaction,5.0,9.0,0.35714285714285715,4,0.13857933889016064,0.6142616617507044
55949.0,WR,anticipation,5.0,6.0,0.45454545454545453,5,0.18708602844739855,0.7376219233930549
55949.0,WR,execution,6.0,5.0,0.5454545454545454,5,0.26237807660694507,0.8129139715526015
55949.0,WR,eyes,5.0,6.0,0.45454545454545453,5,0.18708602844739855,0.7376219233930549
55949.0,WR,innovation,5.0,6.0,0.45454545454545453,5,0.18708602844739855,0.7376219233930549
55949.0,WR,separation,6.0,5.0,0.5454545454545454,5,0.26237807660694507,0.8129139715526015
55953.0,WR,anticipation,5.0,6.0,0.45454545454545453,5,0.18708602844739855,0.7376219233930549
55953.0,WR,execution,6.0,5.0,0.5454545454545454,5,0.26237807660694507,0.8129139715526015
55953.0,WR,eyes,5.0,6.0,0.45454545454545453,5,0.18708602844739855,0.7376219233930549
55953.0,WR,innovation,5.0,6.0,0.45454545454545453,5,0.18708602844739855,0.7376219233930549
55953.0,WR,separation,6.0,5.0,0.5454545454545454,5,0.26237807660694507,0.8129139715526015
55956.0,DB,reaction,5.0,6.0,0.45454545454545453,5,0.18708602844739855,0.7376219233930549
55959.0,WR,anticipation,5.0,11.0,0.3125,3,0.11824110336688094,0.5510032410369705
55959.0,WR,execution,11.0,5.0,0.6875,7,0.4489967589630295,0.881758896633119
55959.0,WR,eyes,7.0,9.0,0.4375,4,0.21266672951930787,0.6771302337937184
55959.0,WR,innovation,8.0,8.0,0.5,5,0.26586134727739663,0.7341386527226034
55959.0,WR,separation,9.0,7.0,0.5625,6,0.3228697662062816,0.7873332704806921
55960.0,DB,reaction,6.0,9.0,0.4,4,0.1766110899821179,0.6486198893840083
55965.0,WR,anticipation,5.0,6.0,0.45454545454545453,5,0.18708602844739855,0.7376219233930549
55965.0,WR,execution,6.0,5.0,0.5454545454545454,5,0.26237807660694507,0.8129139715526015
55965.0,WR,eyes,5.0,6.0,0.45454545454545453,5,0.18708602844739855,0.7376219233930549
55965.0,WR,innovation,5.0,6.0,0.45454545454545453,5,0.18708602844739855,0.7376219233930549
55965.0,WR,separation,5.0,6.0,0.45454545454545453,5,0.18708602844739855,0.7376219233930549
55967.0,DB,coverage,5.0,6.0,0.45454545454545453,5,0.18708602844739855,0.7376219233930549
55967.0,DB,reaction,6.0,14.0,0.3,3,0.1257606358729833,0.5120293453458726
55969.0,DB,coverage,5.0,15.0,0.25,2,0.09146578490766653,0.45565308189150555
55969.0,DB,reaction,20.0,46.0,0.30303030303030304,3,0.1991068919207023,0.4182586758387763
55980.0,WR,anticipation,5.0,13.0,0.2777777777777778,3,0.10313551437032001,0.4989932732045801
55980.0,WR,execution,13.0,5.0,0.7222222222222222,7,0.5010067267954198,0.89686448562968
55980.0,WR,eyes,6.0,12.0,0.3333333333333333,3,0.14209748311022094,0.5595827187543372
55980.0,WR,innovation,6.0,12.0,0.3333333333333333,3,0.14209748311022094,0.5595827187543372
55980.0,WR,separation,7.0,11.0,0.3888888888888889,4,0.18443696178394667,0.6167163365565971
55984.0,DB,reaction,7.0,7.0,0.5,5,0.25134548227030357,0.7486545177296964
55989.0,DB,reaction,5.0,6.0,0.45454545454545453,5,0.18708602844739855,0.7376219233930549
55997.0,DB,reaction,6.0,6.0,0.5,5,0.23379359765934515,0.7662064023406548
55998.0,WR,anticipation,6.0,6.0,0.5,5,0.23379359765934515,0.7662064023406548
55998.0,WR,execution,7.0,5.0,0.5833333333333334,6,0.30790471501167715,0.8325119059362929
55998.0,WR,eyes,6.0,6.0,0.5,5,0.23379359765934515,0.7662064023406548
55998.0,WR,innovation,5.0,7.0,0.4166666666666667,4,0.16748809406370713,0.6920952849883228
55998.0,WR,separation,7.0,5.0,0.5833333333333334,6,0.30790471501167715,0.8325119059362929
56007.0,DB,reaction,5.0,8.0,0.38461538461538464,4,0.15165222980843013,0.6511244935811844
56011.0,DB,reaction,10.0,17.0,0.37037037037037035,4,0.20226024365502038,0.5566719260423902
56024.0,WR,anticipation,6.0,9.0,0.4,4,0.1766110899821179,0.6486198893840083
56024.0,WR,execution,10.0,5.0,0.6666666666666666,7,0.4189647428163391,0.8724015701408404
56024.0,WR,eyes,7.0,8.0,0.4666666666666667,5,0.23036054144806237,0.7113905999616925
56024.0,WR,innovation,7.0,8.0,0.4666666666666667,5,0.23036054144806237,0.7113905999616925
56024.0,WR,separation,7.0,8.0,0.4666666666666667,5,0.23036054144806237,0.7113905999616925
56027.0,WR,anticipation,6.0,6.0,0.5,5,0.23379359765934515,0.7662064023406548
56027.0,WR,execution,7.0,5.0,0.5833333333333334,6,0.30790471501167715,0.8325119059362929
56027.0,WR,eyes,5.0,7.0,0.4166666666666667,4,0.16748809406370713,0.6920952849883228
56027.0,WR,innovation,5.0,7.0,0.4166666666666667,4,0.16748809406370713,0.6920952849883228
56027.0,WR,separation,6.0,6.0,0.5,5,0.23379359765934515,0.7662064023406548
56030.0,DB,coverage,6.0,6.0,0.5,5,0.23379359765934515,0.7662064023406548
56030.0,DB,reaction,6.0,7.0,0.46153846153846156,5,0.21094463823929666,0.7233303143178942
56032.0,DB,coverage,5.0,9.0,0.35714285714285715,4,0.13857933889016064,0.6142616617507044
56032.0,DB,reaction,7.0,21.0,0.25,2,0.11114456284544241,0.42258306004437896
56041.0,WR,anticipation,5.0,6.0,0.45454545454545453,5,0.18708602844739855,0.7376219233930549
56041.0,WR,execution,6.0,5.0,0.5454545454545454,5,0.26237807660694507,0.8129139715526015
56041.0,WR,eyes,5.0,6.0,0.45454545454545453,5,0.18708602844739855,0.7376219233930549
56041.0,WR,innovation,5.0,6.0,0.45454545454545453,5,0.18708602844739855,0.7376219233930549
56041.0,WR,separation,5.0,6.0,0.45454545454545453,5,0.18708602844739855,0.7376219233930549
56042.0,WR,anticipation,10.0,31.0,0.24390243902439024,2,0.126914798932845,0.3845116773034227
56042.0,WR,execution,36.0,5.0,0.8780487804878049,9,0.7633626001239001,0.9581403738613833
56042.0,WR,eyes,18.0,23.0,0.43902439024390244,4,0.29258835003987993,0.5910994195730367
56042.0,WR,innovation,21.0,20.0,0.5121951219512195,5,0.3612801352640621,0.6619821862627655
56042.0,WR,separation,31.0,10.0,0.7560975609756098,8,0.6154883226965773,0.873085201067155
56045.0,DB,coverage,6.0,17.0,0.2608695652173913,3,0.10728924837039697,0.45370362366212197
56045.0,DB,reaction,19.0,46.0,0.2923076923076923,3,0.1891173702367261,0.4076002963220325
56052.0,WR,anticipation,5.0,8.0,0.38461538461538464,4,0.15165222980843013,0.6511244935811844
56052.0,WR,execution,8.0,5.0,0.6153846153846154,6,0.34887550641881554,0.8483477701915698
56052.0,WR,eyes,5.0,8.0,0.38461538461538464,4,0.15165222980843013,0.6511244935811844
56052.0,WR,innovation,6.0,7.0,0.46153846153846156,5,0.21094463823929666,0.7233303143178942
56052.0,WR,separation,7.0,6.0,0.5384615384615384,5,0.2766696856821058,0.7890553617607033
56056.0,WR,anticipation,5.0,10.0,0.3333333333333333,3,0.1275984298591596,0.5810352571836608
56056.0,WR,execution,10.0,5.0,0.6666666666666666,7,0.4189647428163391,0.8724015701408404
56056.0,WR,eyes,5.0,10.0,0.3333333333333333,3,0.1275984298591596,0.5810352571836608
56056.0,WR,innovation,6.0,9.0,0.4,4,0.1766110899821179,0.6486198893840083
56056.0,WR,separation,8.0,7.0,0.5333333333333333,5,0.28860940003830743,0.7696394585519376
56070.0,WR,anticipation,5.0,7.0,0.4166666666666667,4,0.16748809406370713,0.6920952849883228
56070.0,WR,execution,7.0,5.0,0.5833333333333334,6,0.30790471501167715,0.8325119059362929
56070.0,WR,eyes,6.0,6.0,0.5,5,0.23379359765934515,0.7662064023406548
56070.0,WR,innovation,6.0,6.0,0.5,5,0.23379359765934515,0.7662064023406548
56070.0,WR,separation,6.0,6.0,0.5,5,0.23379359765934515,0.7662064023406548
56074.0,DB,coverage,5.0,8.0,0.38461538461538464,4,0.15165222980843013,0.6511244935811844
56074.0,DB,reaction,14.0,28.0,0.3333333333333333,3,0.20083411371708196,0.4808663868389243
56075.0,WR,anticipation,5.0,11.0,0.3125,3,0.11824110336688094,0.5510032410369705
56075.0,WR,execution,11.0,5.0,0.6875,7,0.4489967589630295,0.881758896633119
56075.0,WR,eyes,6.0,10.0,0.375,4,0.16336432385951347,0.6161962674588458
56075.0,WR,innovation,9.0,7.0,0.5625,6,0.3228697662062816,0.7873332704806921
56075.0,WR,separation,10.0,6.0,0.625,6,0.38380373254115413,0.8366356761404865
56077.0,WR,anticipation,5.0,7.0,0.4166666666666667,4,0.16748809406370713,0.6920952849883228
56077.0,WR,execution,7.0,5.0,0.5833333333333334,6,0.30790471501167715,0.8325119059362929
56077.0,WR,eyes,6.0,6.0,0.5,5,0.23379359765934515,0.7662064023406548
56077.0,WR,innovation,5.0,7.0,0.4166666666666667,4,0.16748809406370713,0.6920952849883228
56077.0,WR,separation,7.0,5.0,0.5833333333333334,6,0.30790471501167715,0.8325119059362929
56084.0,WR,anticipation,5.0,6.0,0.45454545454545453,5,0.18708602844739855,0.7376219233930549
56084.0,WR,execution,6.0,5.0,0.5454545454545454,5,0.26237807660694507,0.8129139715526015
56084.0,WR,eyes,6.0,5.0,0.5454545454545454,5,0.26237807660694507,0.8129139715526015
56084.0,WR,innovation,5.0,6.0,0.45454545454545453,5,0.18708602844739855,0.7376219233930549
56084.0,WR,separation,6.0,5.0,0.5454545454545454,5,0.26237807660694507,0.8129139715526015
56097.0,DB,reaction,6.0,17.0,0.2608695652173913,3,0.10728924837039697,0.45370362366212197
56141.0,DB,reaction,9.0,13.0,0.4090909090909091,4,0.2181968568851302,0.6156456096213541
56220.0,WR,anticipation,6.0,6.0,0.5,5,0.23379359765934515,0.7662064023406548
56220.0,WR,execution,7.0,5.0,0.5833333333333334,6,0.30790471501167715,0.8325119059362929
56220.0,WR,eyes,5.0,7.0,0.4166666666666667,4,0.16748809406370713,0.6920952849883228
56220.0,WR,innovation,5.0,7.0,0.4166666666666667,4,0.16748809406370713,0.6920952849883228
56220.0,WR,separation,6.0,6.0,0.5,5,0.23379359765934515,0.7662064023406548
56395.0,WR,anticipation,5.0,7.0,0.4166666666666667,4,0.16748809406370713,0.6920952849883228
56395.0,WR,execution,7.0,5.0,0.5833333333333334,6,0.30790471501167715,0.8325119059362929
56395.0,WR,eyes,7.0,5.0,0.5833333333333334,6,0.30790471501167715,0.8325119059362929
56395.0,WR,innovation,5.0,7.0,0.4166666666666667,4,0.16748809406370713,0.6920952849883228
56395.0,WR,separation,5.0,7.0,0.4166666666666667,4,0.16748809406370713,0.6920952849883228
56405.0,DB,reaction,8.0,5.0,0.6153846153846154,6,0.34887550641881554,0.8483477701915698
56471.0,WR,anticipation,5.0,6.0,0.45454545454545453,5,0.18708602844739855,0.7376219233930549
56471.0,WR,execution,6.0,5.0,0.5454545454545454,5,0.26237807660694507,0.8129139715526015
56471.0,WR,eyes,6.0,5.0,0.5454545454545454,5,0.26237807660694507,0.8129139715526015
56471.0,WR,innovation,5.0,6.0,0.45454545454545453,5,0.18708602844739855,0.7376219233930549
56471.0,WR,separation,6.0,5.0,0.5454545454545454,5,0.26237807660694507,0.8129139715526015
56527.0,DB,coverage,5.0,6.0,0.45454545454545453,5,0.18708602844739855,0.7376219233930549
56527.0,DB,reaction,12.0,17.0,0.41379310344827586,4,0.2446239363021466,0.5942317935124368
56540.0,DB,coverage,5.0,11.0,0.3125,3,0.11824110336688094,0.5510032410369705
56540.0,DB,reaction,17.0,27.0,0.38636363636363635,4,0.2497677886475911,0.5327490545855
56541.0,WR,anticipation,5.0,6.0,0.45454545454545453,5,0.18708602844739855,0.7376219233930549
56541.0,WR,execution,6.0,5.0,0.5454545454545454,5,0.26237807660694507,0.8129139715526015
56541.0,WR,eyes,5.0,6.0,0.45454545454545453,5,0.18708602844739855,0.7376219233930549
56541.0,WR,innovation,6.0,5.0,0.5454545454545454,5,0.26237807660694507,0.8129139715526015
56541.0,WR,separation,6.0,5.0,0.5454545454545454,5,0.26237807660694507,0.8129139715526015
56576.0,DB,reaction,5.0,6.0,0.45454545454545453,5,0.18708602844739855,0.7376219233930549
56582.0,WR,anticipation,5.0,7.0,0.4166666666666667,4,0.16748809406370713,0.6920952849883228
56582.0,WR,execution,7.0,5.0,0.5833333333333334,6,0.30790471501167715,0.8325119059362929
56582.0,WR,eyes,5.0,7.0,0.4166666666666667,4,0.16748809406370713,0.6920952849883228
56582.0,WR,innovation,6.0,6.0,0.5,5,0.23379359765934515,0.7662064023406548
56582.0,WR,separation,7.0,5.0,0.5833333333333334,6,0.30790471501167715,0.8325119059362929
56663.0,WR,anticipation,5.0,6.0,0.45454545454545453,5,0.18708602844739855,0.7376219233930549
56663.0,WR,execution,6.0,5.0,0.5454545454545454,5,0.26237807660694507,0.8129139715526015
56663.0,WR,eyes,5.0,6.0,0.45454545454545453,5,0.18708602844739855,0.7376219233930549
56663.0,WR,innovation,6.0,5.0,0.5454545454545454,5,0.26237807660694507,0.8129139715526015
56663.0,WR,separation,5.0,6.0,0.45454545454545453,5,0.18708602844739855,0.7376219233930549
